X Y Z MaximumInscribedSphereRadius EdgeArray0 EdgeArray1 EdgePCoordArray
-35.1724319458 -139.938522339 -165.818862915 0.751132808771 78673.0 78673.0 0.0
-35.1571388245 -140.035583496 -165.808380127 0.794344361549 77352.0 80943.0 0.7
-35.1580848694 -140.074264526 -165.810272217 0.804237506056 80943.0 80943.0 0.0
-35.1564102173 -140.15322876 -165.832305908 0.817695072417 84474.0 80142.0 0.064
-35.1568107605 -140.159225464 -165.834472656 0.81826960857 84474.0 84474.0 0.0
-35.1570053101 -140.181610107 -165.841583252 0.820908369838 84479.0 84480.0 0.324
-35.1582145691 -140.20539856 -165.847640991 0.823209353284 84480.0 84480.0 0.0
-35.1618270874 -140.247589111 -165.860031128 0.827871554014 83495.0 77330.0 0.004
-35.1659469604 -140.280197144 -165.869049072 0.83187254606 81764.0 77330.0 0.036
-35.1896057129 -140.425979614 -165.943649292 0.838639346783 80911.0 80911.0 0.0
-35.1896400452 -140.426101685 -165.943710327 0.838647443911 80919.0 80911.0 0.988
-35.192401886 -140.436416626 -165.948852539 0.83931410742 80919.0 80919.0 0.0
-35.1989898682 -140.463821411 -165.962280273 0.841446649902 80918.0 80920.0 0.86
-35.2078170776 -140.509765625 -165.987823486 0.844167985958 80918.0 75326.0 0.012
-35.2460823059 -140.638320923 -166.065689087 0.858448142759 77349.0 79404.0 0.06
-35.2482681274 -140.649719238 -166.0728302 0.860286833749 77349.0 68493.0 0.132
-35.2639541626 -140.734237671 -166.113098145 0.873209834062 68493.0 76023.0 0.336
-35.2740135193 -140.762496948 -166.131317139 0.876740772567 76023.0 76023.0 0.0
-35.2745399475 -140.764450073 -166.132766724 0.877093942437 74869.0 76023.0 0.984
-35.3069381714 -140.88458252 -166.221572876 0.898813889483 74869.0 74869.0 0.0
-35.3108062744 -140.901092529 -166.230041504 0.903057086079 1175.0 1175.0 0.0
-35.3260002136 -140.946899414 -166.254745483 0.913199537777 78729.0 77370.0 0.012
-35.3384017944 -141.003082275 -166.293457031 0.922029526745 77370.0 77370.0 0.0
-35.3447494507 -141.021499634 -166.308517456 0.925431189687 77972.0 77337.0 0.9
-35.3725585938 -141.081771851 -166.365142822 0.936470898947 77972.0 77972.0 0.0
-35.3766098022 -141.094406128 -166.37890625 0.938041043684 43114.0 75330.0 0.076
-35.3869056702 -141.128295898 -166.412078857 0.943446830143 75330.0 76104.0 0.028
-35.3975410461 -141.159973145 -166.438095093 0.948522084119 77420.0 77420.0 0.0
-35.4133453369 -141.197555542 -166.470916748 0.952817820451 74835.0 77419.0 0.804
-35.4318466187 -141.245529175 -166.520111084 0.957307410874 74835.0 75401.0 0.256
-35.4493942261 -141.283157349 -166.567810059 0.959521551177 76730.0 75401.0 0.908
-35.467010498 -141.323806763 -166.613632202 0.963716803913 76727.0 76777.0 0.336
-35.4694824219 -141.328918457 -166.6199646 0.964177101992 76782.0 76727.0 0.648
-35.4951553345 -141.369033813 -166.679611206 0.966325223853 76086.0 72674.0 0.796
-35.5025215149 -141.382385254 -166.698196411 0.966547892935 72632.0 72674.0 0.884
-35.5222969055 -141.422897339 -166.748779297 0.968554319042 67389.0 67389.0 0.0
-35.5484733582 -141.490341187 -166.823577881 0.974004197165 76050.0 76050.0 0.0
-35.569683075 -141.567672729 -166.949996948 0.982295504765 76033.0 72608.0 0.288
-35.5708312988 -141.570343018 -166.955429077 0.982476538515 76033.0 76032.0 0.432
-35.5850143433 -141.621292114 -167.046417236 0.984609993502 75381.0 69440.0 0.868
-35.5950546265 -141.657531738 -167.121459961 0.989414517001 74643.0 74643.0 0.0
-35.5981254578 -141.682876587 -167.173309326 0.994743889672 72621.0 72621.0 0.0
-35.6044425964 -141.720169067 -167.234130859 1.00189298959 73293.0 73293.0 0.0
-35.6169433594 -141.771743774 -167.340179443 1.01334728516 74665.0 74665.0 0.0
-35.6171150208 -141.772140503 -167.340759277 1.01345007186 74663.0 74665.0 0.984
-35.6277275085 -141.796554565 -167.375991821 1.01977145417 74663.0 74663.0 0.0
-35.6391296387 -141.817337036 -167.412872314 1.02422167811 74660.0 74664.0 0.936
-35.6512489319 -141.840957642 -167.452529907 1.03030360859 74660.0 71115.0 0.144
-35.6700210571 -141.889221191 -167.530334473 1.04375287251 74007.0 73989.0 0.556
-35.6766967773 -141.911239624 -167.564056396 1.05046334998 72595.0 67324.0 0.704
-35.6835479736 -141.927154541 -167.592483521 1.05464859547 73987.0 73998.0 0.76
-35.6887130737 -141.941223145 -167.615478516 1.0578523215 73324.0 73998.0 0.444
-35.6942138672 -141.952606201 -167.631729126 1.06019780883 73324.0 73326.0 0.064
-35.7075881958 -141.983047485 -167.678451538 1.0677107611 63859.0 63859.0 0.0
-35.7242469788 -142.026641846 -167.773880005 1.07631861449 72606.0 72603.0 0.736
-35.7306976318 -142.052017212 -167.820526123 1.08253526358 3572.0 72603.0 0.656
-35.7464370728 -142.09777832 -167.900741577 1.09371190943 3572.0 3572.0 0.0
-35.754650116 -142.11769104 -167.942138672 1.10005243594 1080.0 1080.0 0.0
-35.7559127808 -142.123840332 -167.956680298 1.10184045445 68523.0 72599.0 0.864
-35.7602653503 -142.144546509 -167.996276855 1.10508304975 71114.0 71114.0 0.0
-35.7734680176 -142.216079712 -168.142120361 1.11526203515 71883.0 71883.0 0.0
-35.7742919922 -142.219970703 -168.148757935 1.11591780648 33393.0 68460.0 0.924
-35.7866859436 -142.251617432 -168.206039429 1.11889071532 57838.0 33393.0 0.336
-35.7920227051 -142.262496948 -168.229019165 1.119738185 67310.0 57838.0 0.928
-35.8219108582 -142.327270508 -168.358383179 1.13095545892 70319.0 67358.0 0.808
-35.8231391907 -142.329559326 -168.363845825 1.13149492852 69479.0 67358.0 0.512
-35.8241386414 -142.333404541 -168.371780396 1.13158905924 60245.0 69479.0 0.932
-35.8289871216 -142.346954346 -168.401000977 1.1313704053 70320.0 70320.0 0.0
-35.8572044373 -142.404403687 -168.530517578 1.13053642563 68555.0 68555.0 0.0
-35.8572807312 -142.404602051 -168.530914307 1.13056246589 63778.0 68555.0 0.996
-35.8763237 -142.453231812 -168.628829956 1.13704649136 63778.0 63778.0 0.0
-35.9070549011 -142.492248535 -168.723846436 1.13953729551 69449.0 68551.0 0.488
-35.9282836914 -142.52545166 -168.790618896 1.14202464876 69449.0 62832.0 0.596
-35.9345703125 -142.538757324 -168.817581177 1.14280020469 63913.0 62832.0 0.988
-35.9668273926 -142.588165283 -168.937667847 1.14809095059 67268.0 67268.0 0.0
-36.0029907227 -142.628707886 -169.042648315 1.1487837835 68438.0 68438.0 0.0
-36.0149841309 -142.646286011 -169.082489014 1.15066693276 68439.0 66159.0 0.32
-36.0305595398 -142.672698975 -169.142364502 1.15370306232 66159.0 66159.0 0.0
-36.0549087524 -142.694854736 -169.209030151 1.15270964854 67313.0 67313.0 0.0
-36.0841255188 -142.725753784 -169.28692627 1.15345334863 66134.0 66134.0 0.0
-36.084148407 -142.725784302 -169.287002563 1.15345507742 64932.0 66134.0 0.996
-36.0897445679 -142.733093262 -169.304550171 1.15388554671 64932.0 64932.0 0.0
-36.0902137756 -142.733673096 -169.306015015 1.1539767013 66068.0 64932.0 0.98
-36.1132354736 -142.76234436 -169.377578735 1.15844327622 66068.0 66068.0 0.0
-36.1220970154 -142.771331787 -169.405349731 1.15985050352 63890.0 63890.0 0.0
-36.1385612488 -142.790481567 -169.457305908 1.16248561832 66281.0 66281.0 0.0
-36.146270752 -142.799636841 -169.480529785 1.16342527211 66153.0 61391.0 0.432
-36.1528320312 -142.807678223 -169.500213623 1.16436253838 62703.0 66153.0 0.916
-36.1706123352 -142.834365845 -169.564453125 1.16894113282 62703.0 62703.0 0.0
-36.1750869751 -142.839233398 -169.576400757 1.16967767533 56702.0 63894.0 0.872
-36.1988372803 -142.864273071 -169.634384155 1.17340082354 56702.0 56702.0 0.0
-36.2203598022 -142.891937256 -169.704528809 1.17905439209 61531.0 63904.0 0.608
-36.2342605591 -142.91696167 -169.766189575 1.18405092441 61531.0 61531.0 0.0
-36.2406234741 -142.924911499 -169.786743164 1.18607529384 65073.0 62737.0 0.928
-36.2767372131 -142.960342407 -169.905105591 1.19501760951 65073.0 65073.0 0.0
-36.3055305481 -142.987731934 -169.979644775 1.20565788651 62735.0 63906.0 0.756
-36.3150253296 -143.003387451 -170.01776123 1.20991804305 62735.0 62735.0 0.0
-36.3155021667 -143.003997803 -170.019729614 1.21013282422 62733.0 62735.0 0.972
-36.3320960999 -143.025421143 -170.08821106 1.21758879914 62733.0 62733.0 0.0
-36.3324546814 -143.02583313 -170.089706421 1.21782108255 55613.0 62733.0 0.98
-36.3499794006 -143.046386719 -170.162704468 1.22920296992 55613.0 55613.0 0.0
-36.350025177 -143.046432495 -170.162841797 1.22922859412 62698.0 55613.0 0.996
-36.3610877991 -143.057983398 -170.196746826 1.23560901946 62698.0 62698.0 0.0
-36.3610992432 -143.057998657 -170.196792603 1.23561608906 61532.0 62698.0 0.992
-36.3624000549 -143.0599823 -170.202331543 1.23649271963 61532.0 61532.0 0.0
-36.3624649048 -143.060073853 -170.202575684 1.23653402649 61534.0 61532.0 0.992
-36.3706550598 -143.071792603 -170.233276367 1.241656077 61534.0 61534.0 0.0
-36.372379303 -143.074615479 -170.241043091 1.24283989478 60331.0 60332.0 0.04
-36.3888702393 -143.098114014 -170.315505981 1.25413398153 60332.0 60332.0 0.0
-36.3962593079 -143.108016968 -170.339309692 1.25782868759 60185.0 60333.0 0.968
-36.4298667908 -143.171295166 -170.481063843 1.2818520337 60185.0 60185.0 0.0
-36.4328727722 -143.18081665 -170.496047974 1.28329555265 57802.0 55672.0 0.92
-36.4780540466 -143.266708374 -170.621902466 1.28717527449 54517.0 54517.0 0.0
-36.4996986389 -143.310501099 -170.684234619 1.28821504924 56665.0 53509.0 0.564
-36.5199203491 -143.359725952 -170.747116089 1.28810431749 56655.0 56665.0 0.732
-36.5432281494 -143.408920288 -170.809844971 1.29049906874 54587.0 54587.0 0.0
-36.5475349426 -143.420913696 -170.826782227 1.29073506536 53406.0 55650.0 0.968
-36.5795097351 -143.534332275 -170.961151123 1.28923249357 53436.0 53436.0 0.0
-36.5825309753 -143.560501099 -170.982574463 1.28502849259 49715.0 49673.0 0.932
-36.560043335 -143.727890015 -171.120773315 1.23734701742 44875.0 49699.0 0.188
-36.5596961975 -143.740539551 -171.129104614 1.2341978813 43001.0 44875.0 0.832
-36.5640792847 -143.763137817 -171.1431427 1.22951226944 41052.0 48815.0 0.308
-36.5631027222 -143.821731567 -171.171676636 1.20794867808 47098.0 47098.0 0.0
-36.5630722046 -143.82244873 -171.172103882 1.20767488005 36980.0 47098.0 0.988
-36.5605239868 -143.88168335 -171.207229614 1.18513217558 36980.0 36980.0 0.0
-36.5099220276 -144.133682251 -171.306106567 1.08140727609 48826.0 48886.0 0.208
-36.4905395508 -144.310852051 -171.39666748 1.03570792573 44884.0 44884.0 0.0
-36.4602127075 -144.388900757 -171.422637939 1.00952311357 47922.0 47922.0 0.0
-36.3717193604 -144.615005493 -171.525588989 0.949709047661 47934.0 47934.0 0.0
-36.3634376526 -144.64125061 -171.540740967 0.944346365678 41953.0 23407.0 0.976
-36.2629737854 -144.876037598 -171.640380859 0.906448980452 45975.0 44868.0 0.232
-36.1923904419 -145.068313599 -171.750198364 0.913488638299 31707.0 31707.0 0.0
-36.1452064514 -145.165679932 -171.822174072 0.928542252313 40956.0 40956.0 0.0
-36.1067428589 -145.261886597 -171.881210327 0.938692488256 43929.0 43929.0 0.0
-36.0308876038 -145.446578979 -172.025283813 0.982304193285 41987.0 44898.0 0.9
-36.0244140625 -145.460479736 -172.038925171 0.986264245737 43906.0 43920.0 0.968
-35.9522438049 -145.61100769 -172.162033081 1.0331901447 38963.0 40899.0 0.22
-35.914188385 -145.686981201 -172.238449097 1.0659966222 43892.0 43969.0 0.652
-35.8897094727 -145.73109436 -172.287475586 1.08688720971 43967.0 43924.0 0.924
-35.8070869446 -145.828216553 -172.423049927 1.14480679959 41773.0 41773.0 0.0
-35.7388114929 -145.890106201 -172.486572266 1.17320436359 43801.0 43801.0 0.0
-35.7385826111 -145.890289307 -172.486801147 1.17329543399 43802.0 43801.0 0.984
-35.724571228 -145.901809692 -172.500961304 1.17889626352 43802.0 43802.0 0.0
-35.7171630859 -145.910751343 -172.509918213 1.18206628809 42764.0 41776.0 0.976
-35.6101455688 -146.043197632 -172.6612854 1.23628680359 37134.0 37127.0 0.188
-35.5923690796 -146.062698364 -172.681762695 1.24405398632 37134.0 31797.0 0.744
-35.53565979 -146.14414978 -172.777526855 1.27364839333 42700.0 42755.0 0.66
-35.5273971558 -146.153961182 -172.7890625 1.27744436203 42755.0 41920.0 0.3
-35.5025863647 -146.187728882 -172.818832397 1.28545342036 40916.0 42747.0 0.332
-35.4694290161 -146.25189209 -172.87437439 1.29532827534 41770.0 42723.0 0.904
-35.4267120361 -146.328048706 -172.932525635 1.30787464893 38816.0 41765.0 0.712
-35.4215774536 -146.337661743 -172.940551758 1.30944354064 41766.0 41765.0 0.288
-35.4176216125 -146.347793579 -172.947341919 1.31039516307 40774.0 41766.0 0.684
-35.4122200012 -146.359222412 -172.954803467 1.31096651607 40774.0 8831.0 0.044
-35.3836135864 -146.417984009 -172.99597168 1.31454679988 38010.0 38010.0 0.0
-35.3673248291 -146.449081421 -173.01776123 1.31463476752 35198.0 40793.0 0.22
-35.3214645386 -146.53414917 -173.081634521 1.3152349809 34264.0 34264.0 0.0
-35.2918395996 -146.600418091 -173.129653931 1.32044411992 39867.0 41726.0 0.216
-35.2847862244 -146.613464355 -173.140701294 1.32121829455 38938.0 41726.0 0.9
-35.2557754517 -146.66242981 -173.18019104 1.32352774921 38938.0 38938.0 0.0
-35.2434921265 -146.682998657 -173.195388794 1.32456889969 40791.0 35092.0 0.416
-35.2348976135 -146.69859314 -173.206604004 1.32534240588 35092.0 7075.0 0.024
-35.2157592773 -146.731048584 -173.232284546 1.32739462489 7075.0 7075.0 0.0
-35.1872901917 -146.772705078 -173.265090942 1.32904361398 37977.0 37977.0 0.0
-35.1141662598 -146.860916138 -173.343551636 1.33323692237 37090.0 37090.0 0.0
-35.0851478577 -146.889816284 -173.369293213 1.33100258401 37133.0 37133.0 0.0
-34.9983024597 -146.976028442 -173.429779053 1.32068669117 42642.0 42642.0 0.0
-34.8025283813 -147.102386475 -173.520309448 1.26879014815 15927.0 15927.0 0.0
-34.7385787964 -147.151107788 -173.553192139 1.24854794607 37934.0 37934.0 0.0
-34.5309410095 -147.325485229 -173.693084717 1.19765749231 39898.0 39898.0 0.0
-34.5302238464 -147.326171875 -173.693954468 1.19748430721 41839.0 41842.0 0.976
-34.5015678406 -147.348892212 -173.711883545 1.19260603414 41679.0 39798.0 0.944
-34.4757194519 -147.373001099 -173.72795105 1.18908935643 37081.0 41836.0 0.152
-34.3421516418 -147.511779785 -173.842254639 1.17099339123 41837.0 41837.0 0.0
-34.1641349792 -147.667480469 -173.93762207 1.16844281374 41662.0 41662.0 0.0
-34.1557540894 -147.674560547 -173.94303894 1.16930204402 34212.0 33335.0 0.624
-34.1297111511 -147.698730469 -173.960708618 1.17169417863 36012.0 39800.0 0.4
-34.0220222473 -147.810287476 -174.029891968 1.1858899899 38833.0 38833.0 0.0
-33.888256073 -147.945358276 -174.101699829 1.21204446935 39841.0 38830.0 0.792
-33.8518676758 -147.987594604 -174.120361328 1.22032092282 16711.0 41820.0 0.516
-33.8368377686 -148.008346558 -174.129928589 1.22395626405 33345.0 33345.0 0.0
-33.7369804382 -148.147583008 -174.204559326 1.25223431505 37019.0 36024.0 0.576
-33.6608734131 -148.266616821 -174.257522583 1.28204368078 41815.0 41816.0 0.132
-33.6444892883 -148.288070679 -174.265213013 1.28864969815 41815.0 41814.0 0.36
-33.618637085 -148.323776245 -174.281951904 1.30093954389 30309.0 41814.0 0.856
-33.5512962341 -148.405441284 -174.311126709 1.33118062266 28923.0 32514.0 0.016
-33.5502090454 -148.406784058 -174.31149292 1.33166710161 40888.0 28923.0 0.98
-33.4992485046 -148.478393555 -174.329666138 1.35513150244 40890.0 40888.0 0.192
-33.4887771606 -148.491287231 -174.333267212 1.35926707926 40890.0 40889.0 0.212
-33.40366745 -148.591018677 -174.363723755 1.39483168425 39845.0 32523.0 0.06
-33.400177002 -148.594467163 -174.364212036 1.3961121518 17539.0 39845.0 0.988
-33.3684310913 -148.633499146 -174.373092651 1.4108625829 38865.0 17539.0 0.932
-33.2627067566 -148.746582031 -174.382461548 1.45871538087 38865.0 38865.0 0.0
-33.2625846863 -148.746704102 -174.382476807 1.4587675362 35191.0 38865.0 0.996
-33.2324676514 -148.775253296 -174.386184692 1.47175421247 35191.0 35191.0 0.0
-33.2116966248 -148.778259277 -174.402297974 1.46065360311 10101.0 10101.0 0.0
-33.0061721802 -148.864196777 -174.509414673 1.427737464 28902.0 29592.0 0.964
-33.0034179688 -148.86491394 -174.510467529 1.4272655474 25501.0 29592.0 0.952
-32.9134597778 -148.90914917 -174.557723999 1.42293144897 24136.0 24136.0 0.0
-32.7641906738 -148.976104736 -174.63508606 1.41628566949 28908.0 28908.0 0.0
-32.7496452332 -148.981430054 -174.642440796 1.41514716405 24849.0 28890.0 0.12
-32.5957527161 -148.969436646 -174.731872559 1.34151677709 28219.0 28219.0 0.0
-32.5476341248 -148.960525513 -174.768417358 1.31589048927 24817.0 24817.0 0.0
-32.291633606 -148.902404785 -174.919799805 1.17887444646 28205.0 28217.0 0.788
-32.2306671143 -148.896636963 -174.959091187 1.15772040225 27528.0 27528.0 0.0
-32.2292671204 -148.896224976 -174.960067749 1.15701411236 28221.0 28236.0 0.052
-31.8555412292 -148.789016724 -175.153900146 1.0035921902 27535.0 27535.0 0.0
-31.599105835 -148.712905884 -175.283462524 0.948098961322 27533.0 27533.0 0.0
-31.5929012299 -148.713577271 -175.288299561 0.949353475096 30207.0 30206.0 0.98
-31.3602638245 -148.650588989 -175.405639648 0.933378790331 30203.0 30202.0 0.12
-31.2959308624 -148.634597778 -175.449569702 0.937664699205 28243.0 28243.0 0.0
-31.2887687683 -148.633499146 -175.454849243 0.938008455004 26185.0 28258.0 0.016
-31.0303707123 -148.559280396 -175.603759766 0.96523831505 28254.0 27556.0 0.896
-30.9816913605 -148.552352905 -175.631713867 0.976581515372 28823.0 28941.0 0.816
-30.8295516968 -148.538024902 -175.705047607 1.01055518216 28823.0 30211.0 0.688
-30.8049526215 -148.531600952 -175.717544556 1.01621932056 28247.0 30215.0 0.56
-30.6057720184 -148.500854492 -175.81690979 1.05996346211 26183.0 26845.0 0.46
-30.4969024658 -148.496826172 -175.870010376 1.09275924549 26183.0 27560.0 0.676
-30.4133224487 -148.490081787 -175.904510498 1.11758134766 27481.0 27481.0 0.0
-30.4132194519 -148.490081787 -175.904586792 1.11761505794 27558.0 27481.0 0.996
-30.3876781464 -148.491027832 -175.921737671 1.1260089176 27558.0 27558.0 0.0
-30.1615524292 -148.475357056 -176.03968811 1.1902033335 20985.0 20985.0 0.0
-30.1537647247 -148.475921631 -176.044723511 1.19262937508 26833.0 27568.0 0.96
-30.147485733 -148.475509644 -176.048309326 1.19405384229 27435.0 27568.0 0.94
-29.9902973175 -148.472335815 -176.092468262 1.20040788128 27435.0 21520.0 0.604
-29.9284534454 -148.466079712 -176.105865479 1.2018698356 26125.0 21520.0 0.024
-29.9278888702 -148.466033936 -176.105941772 1.20187071193 26125.0 26125.0 0.0
-29.7609958649 -148.439926147 -176.145599365 1.19580572214 17524.0 17524.0 0.0
-29.7515335083 -148.43800354 -176.147796631 1.19574787053 26120.0 19465.0 0.884
-29.7103977203 -148.426269531 -176.159469604 1.19250399947 26764.0 26764.0 0.0
-29.6950721741 -148.422866821 -176.162765503 1.19047096389 24801.0 24801.0 0.0
-29.6900539398 -148.422332764 -176.164154053 1.1895628019 28126.0 25455.0 0.996
-29.5392131805 -148.399139404 -176.213607788 1.1644258078 26760.0 26118.0 0.748
-29.4199180603 -148.383056641 -176.260574341 1.15190842399 24096.0 23320.0 0.808
-29.3916378021 -148.378433228 -176.272506714 1.14930897641 23376.0 23376.0 0.0
-29.1029911041 -148.314590454 -176.354278564 1.11680170451 23341.0 23341.0 0.0
-29.0477848053 -148.306015015 -176.36378479 1.11322588164 25428.0 26109.0 0.092
-28.8743915558 -148.278015137 -176.404846191 1.11105476511 25425.0 25425.0 0.0
-28.8741378784 -148.277999878 -176.404876709 1.1110492612 23422.0 25425.0 0.996
-28.8108844757 -148.273651123 -176.413970947 1.10967878902 23422.0 23422.0 0.0
-28.7745285034 -148.270507812 -176.420410156 1.10921869666 25445.0 25445.0 0.0
-28.6108150482 -148.242233276 -176.45741272 1.1090829859 24784.0 20483.0 0.172
-28.5212478638 -148.22869873 -176.469116211 1.11131368973 21061.0 22741.0 0.824
-28.4467124939 -148.213180542 -176.487014771 1.11124843631 26053.0 22137.0 0.28
-28.3212985992 -148.190765381 -176.510665894 1.11343106231 23354.0 26042.0 0.872
-28.2677936554 -148.177200317 -176.524795532 1.11419323292 20493.0 25410.0 0.732
-28.2450675964 -148.168304443 -176.527984619 1.11376123193 25410.0 25409.0 0.492
-28.0993385315 -148.133728027 -176.54977417 1.11039193732 24763.0 24763.0 0.0
-28.0473518372 -148.115737915 -176.558288574 1.11075391692 22667.0 22667.0 0.0
-27.9091358185 -148.069152832 -176.563278198 1.10932677194 19379.0 19379.0 0.0
-27.7726249695 -148.022979736 -176.576599121 1.1061328415 19901.0 19901.0 0.0
-27.6056175232 -147.956436157 -176.585449219 1.10289621984 20553.0 20553.0 0.0
-27.6055793762 -147.956436157 -176.585464478 1.10289462642 21585.0 20553.0 0.992
-27.6007652283 -147.955764771 -176.586624146 1.10269704335 21585.0 21585.0 0.0
-39.4013519287 -147.059738159 -174.550109863 0.650081099641 75452.0 75452.0 0.0
-39.3980979919 -147.030670166 -174.547912598 0.653229184666 73429.0 76186.0 0.236
-39.3619766235 -146.827697754 -174.586517334 0.657789353571 46953.0 46953.0 0.0
-39.3555717468 -146.764160156 -174.589538574 0.663920365625 71238.0 71238.0 0.0
-39.3550491333 -146.757873535 -174.590026855 0.664031875967 69611.0 75525.0 0.976
-39.3105926514 -146.55657959 -174.61076355 0.667616886219 67457.0 67457.0 0.0
-39.3100814819 -146.509429932 -174.6171875 0.670642789696 74078.0 74077.0 0.668
-39.3099403381 -146.491500854 -174.618438721 0.671291049752 75439.0 75436.0 0.976
-39.3098106384 -146.489715576 -174.618545532 0.671304891451 75436.0 73431.0 0.004
-39.2637825012 -146.297943115 -174.634994507 0.672295768374 28911.0 28911.0 0.0
-39.2378845215 -146.147369385 -174.642868042 0.67343747628 73413.0 73413.0 0.0
-39.2292747498 -146.11126709 -174.642562866 0.673863425094 67438.0 74079.0 0.952
-39.1969337463 -146.032577515 -174.640426636 0.670577274997 72003.0 72003.0 0.0
-39.1652793884 -145.938339233 -174.649429321 0.669048368745 65142.0 65140.0 0.296
-39.1345825195 -145.857345581 -174.644561768 0.667376160626 65142.0 53385.0 0.628
-39.1151275635 -145.774230957 -174.637542725 0.666896689372 71995.0 71995.0 0.0
-39.0989723206 -145.732650757 -174.633087158 0.66694254636 72015.0 73405.0 0.616
-39.068321228 -145.667724609 -174.626556396 0.666886917387 67440.0 67440.0 0.0
-39.0640144348 -145.659362793 -174.624420166 0.666453069948 71973.0 71971.0 0.256
-39.0286064148 -145.594711304 -174.615875244 0.661763053741 71220.0 71220.0 0.0
-38.9810333252 -145.487075806 -174.612091064 0.657850084171 65135.0 65135.0 0.0
-38.9098701477 -145.339584351 -174.578643799 0.660778130939 56574.0 56574.0 0.0
-38.9024467468 -145.329055786 -174.5756073 0.6614486397 52727.0 52727.0 0.0
-38.8560676575 -145.257324219 -174.567108154 0.660339986769 42758.0 42758.0 0.0
-38.7980461121 -145.161453247 -174.546951294 0.657292524126 39939.0 39939.0 0.0
-38.7518043518 -145.084396362 -174.533676147 0.656419208119 56556.0 54444.0 0.412
-38.7280807495 -145.048690796 -174.524459839 0.656181778529 58831.0 60372.0 0.96
-38.724445343 -145.043869019 -174.522949219 0.656291067533 45765.0 60372.0 0.96
-38.6723060608 -144.963287354 -174.495346069 0.655817325032 66343.0 58817.0 0.236
-38.6535606384 -144.942382812 -174.486282349 0.654520907034 58817.0 1278.0 0.624
-38.6329154968 -144.915100098 -174.476150513 0.651556085205 1278.0 44761.0 0.424
-38.561000824 -144.79675293 -174.423965454 0.64661705075 62776.0 62776.0 0.0
-38.4487419128 -144.64793396 -174.370864868 0.648167444425 44073.0 44073.0 0.0
-38.4147567749 -144.608123779 -174.351577759 0.647818029883 57956.0 54388.0 0.54
-38.358581543 -144.532287598 -174.321105957 0.65024962401 62803.0 62803.0 0.0
-38.3276557922 -144.489440918 -174.298538208 0.651288390101 47027.0 50549.0 0.288
-38.3048439026 -144.45149231 -174.282943726 0.6514586142 60013.0 59109.0 0.092
-38.210231781 -144.317550659 -174.185028076 0.657387926882 58814.0 58814.0 0.0
-38.2102050781 -144.317474365 -174.184967041 0.657387543862 40043.0 58814.0 0.988
-38.2080535889 -144.311813354 -174.180084229 0.657356008583 40043.0 40043.0 0.0
-38.1863174438 -144.279449463 -174.152633667 0.654152292194 58838.0 54655.0 0.12
-38.1022148132 -144.191268921 -174.085083008 0.650864284149 46764.0 46764.0 0.0
-38.0263557434 -144.106994629 -174.008132935 0.649616464907 49746.0 49746.0 0.0
-37.9668045044 -144.016815186 -173.930267334 0.648913854343 54642.0 57964.0 0.976
-37.8960418701 -143.945144653 -173.863037109 0.656169536755 57962.0 57962.0 0.0
-37.8167686462 -143.860946655 -173.783996582 0.659147906786 56821.0 56821.0 0.0
-37.8080787659 -143.84866333 -173.773147583 0.659792190803 53648.0 56826.0 0.016
-37.7817993164 -143.820510864 -173.738891602 0.65715762367 52423.0 55737.0 0.096
-37.7221412659 -143.723480225 -173.630432129 0.651040217228 56806.0 55579.0 0.692
-37.6898117065 -143.682876587 -173.571395874 0.649132655585 50851.0 54652.0 0.076
-37.6641731262 -143.641403198 -173.527511597 0.649455575965 55740.0 55740.0 0.0
-37.6027793884 -143.546539307 -173.430450439 0.63871518757 54660.0 54660.0 0.0
-37.5704879761 -143.507080078 -173.377075195 0.637119167975 54656.0 54656.0 0.0
-37.5537185669 -143.483947754 -173.35508728 0.634879136359 50667.0 50667.0 0.0
-37.4899559021 -143.39289856 -173.234786987 0.621101192353 53614.0 53614.0 0.0
-37.4301071167 -143.278778076 -173.088745117 0.609416600275 50671.0 50671.0 0.0
-37.3802375793 -143.221939087 -172.991836548 0.617538808747 53567.0 53569.0 0.64
-37.3596343994 -143.202835083 -172.952056885 0.622948811719 27398.0 53569.0 0.024
-37.3163299561 -143.1590271 -172.87890625 0.63768334617 51599.0 52553.0 0.456
-37.308757782 -143.146438599 -172.861129761 0.641739099717 52552.0 51599.0 0.768
-37.2300605774 -143.092514038 -172.727523804 0.655925948662 52550.0 46868.0 0.212
-37.1411209106 -143.071029663 -172.520706177 0.678576233073 50588.0 50588.0 0.0
-36.964099884 -143.233551025 -172.055877686 0.754879786785 47954.0 47954.0 0.0
-36.9245605469 -143.23651123 -171.968994141 0.813682389644 51481.0 51481.0 0.0
-36.9244613647 -143.236572266 -171.968826294 0.813777693627 51487.0 51481.0 0.996
-36.8998680115 -143.251159668 -171.928222656 0.837508385481 51487.0 51487.0 0.0
-36.8989715576 -143.251983643 -171.926452637 0.838426289126 51488.0 51487.0 0.952
-36.8811569214 -143.268371582 -171.891418457 0.856631378083 51488.0 51488.0 0.0
-36.8619155884 -143.296218872 -171.830291748 0.881201914688 51485.0 51485.0 0.0
-36.7772636414 -143.561004639 -171.636795044 0.937281839302 50598.0 50597.0 0.684
-36.7549667358 -143.74269104 -171.5184021 0.998804855768 50595.0 50595.0 0.0
-36.7298545837 -143.839141846 -171.489379883 1.01327779448 47956.0 49658.0 0.888
-36.7121391296 -143.977355957 -171.443283081 1.04725189964 47956.0 48775.0 0.504
-36.7069129944 -144.122497559 -171.424407959 1.05961209265 48832.0 46865.0 0.18
-36.6991386414 -144.158721924 -171.419219971 1.06450018494 46865.0 41783.0 0.972
-36.6972694397 -144.164596558 -171.419509888 1.06410498395 8432.0 41783.0 0.888
-36.6860618591 -144.198684692 -171.417648315 1.06276575126 46707.0 49691.0 0.092
-36.6850318909 -144.201065063 -171.417770386 1.06248195906 46707.0 50583.0 0.092
-36.633731842 -144.362640381 -171.455749512 1.02827562853 47799.0 47799.0 0.0
-36.6003265381 -144.439804077 -171.480606079 1.0091830912 46982.0 44887.0 0.268
-36.5937995911 -144.454071045 -171.483688354 1.00549729553 47917.0 47902.0 0.268
-36.5748748779 -144.500030518 -171.496612549 0.992954349191 46939.0 46939.0 0.0
-36.5075111389 -144.68800354 -171.574478149 0.952181940182 34296.0 45931.0 0.296
-36.4638595581 -144.792922974 -171.623840332 0.936846078141 41911.0 41911.0 0.0
-36.4600601196 -144.79989624 -171.626495361 0.935851564592 45920.0 44872.0 0.016
-36.3514137268 -144.998825073 -171.719009399 0.918878600827 44950.0 41810.0 0.176
-36.2933769226 -145.097686768 -171.781219482 0.923609918004 44776.0 46863.0 0.144
-36.2751502991 -145.130615234 -171.800476074 0.926066971132 45795.0 44776.0 0.716
-36.2055702209 -145.220596313 -171.861755371 0.939662670934 41988.0 43887.0 0.504
-36.1831245422 -145.249649048 -171.886459351 0.944132883998 41988.0 44897.0 0.936
-36.175907135 -145.262451172 -171.895126343 0.946008839941 44897.0 45893.0 0.096
-36.1027374268 -145.377593994 -171.969818115 0.964071090949 45893.0 44965.0 0.264
-36.0612487793 -145.448272705 -172.022460938 0.982273531409 44898.0 41995.0 0.78
-36.0269622803 -145.505889893 -172.07598877 1.0013942123 43920.0 40899.0 0.304
-35.9766426086 -145.610687256 -172.161697388 1.0340382569 38963.0 40899.0 0.476
-35.9142875671 -145.719329834 -172.270965576 1.08082019293 43969.0 43969.0 0.0
-35.8994674683 -145.734237671 -172.289199829 1.08832824852 42947.0 43924.0 0.96
-35.8070869446 -145.828216553 -172.423049927 1.14480679959 41773.0 41773.0 0.0
-35.7388114929 -145.890106201 -172.486572266 1.17320436359 43801.0 43801.0 0.0
-35.7385826111 -145.890289307 -172.486801147 1.17329543399 43802.0 43801.0 0.984
-35.724571228 -145.901809692 -172.500961304 1.17889626352 43802.0 43802.0 0.0
-35.7171630859 -145.910751343 -172.509918213 1.18206628809 42764.0 41776.0 0.976
-35.6101455688 -146.043197632 -172.6612854 1.23628680359 37134.0 37127.0 0.188
-35.5923690796 -146.062698364 -172.681762695 1.24405398632 37134.0 31797.0 0.744
-35.53565979 -146.14414978 -172.777526855 1.27364839333 42700.0 42755.0 0.66
-35.5273971558 -146.153961182 -172.7890625 1.27744436203 42755.0 41920.0 0.3
-35.5025863647 -146.187728882 -172.818832397 1.28545342036 40916.0 42747.0 0.332
-35.4694290161 -146.25189209 -172.87437439 1.29532827534 41770.0 42723.0 0.904
-35.4267120361 -146.328048706 -172.932525635 1.30787464893 38816.0 41765.0 0.712
-35.4215774536 -146.337661743 -172.940551758 1.30944354064 41766.0 41765.0 0.288
-35.4176216125 -146.347793579 -172.947341919 1.31039516307 40774.0 41766.0 0.684
-35.4122200012 -146.359222412 -172.954803467 1.31096651607 40774.0 8831.0 0.044
-35.3836135864 -146.417984009 -172.99597168 1.31454679988 38010.0 38010.0 0.0
-35.3673248291 -146.449081421 -173.01776123 1.31463476752 35198.0 40793.0 0.22
-35.3214645386 -146.53414917 -173.081634521 1.3152349809 34264.0 34264.0 0.0
-35.2918395996 -146.600418091 -173.129653931 1.32044411992 39867.0 41726.0 0.216
-35.2847862244 -146.613464355 -173.140701294 1.32121829455 38938.0 41726.0 0.9
-35.2557754517 -146.66242981 -173.18019104 1.32352774921 38938.0 38938.0 0.0
-35.2434921265 -146.682998657 -173.195388794 1.32456889969 40791.0 35092.0 0.416
-35.2348976135 -146.69859314 -173.206604004 1.32534240588 35092.0 7075.0 0.024
-35.2157592773 -146.731048584 -173.232284546 1.32739462489 7075.0 7075.0 0.0
-35.1872901917 -146.772705078 -173.265090942 1.32904361398 37977.0 37977.0 0.0
-35.1141662598 -146.860916138 -173.343551636 1.33323692237 37090.0 37090.0 0.0
-35.0851478577 -146.889816284 -173.369293213 1.33100258401 37133.0 37133.0 0.0
-34.9983024597 -146.976028442 -173.429779053 1.32068669117 42642.0 42642.0 0.0
-34.8025283813 -147.102386475 -173.520309448 1.26879014815 15927.0 15927.0 0.0
-34.7385787964 -147.151107788 -173.553192139 1.24854794607 37934.0 37934.0 0.0
-34.5309410095 -147.325485229 -173.693084717 1.19765749231 39898.0 39898.0 0.0
-34.5302238464 -147.326171875 -173.693954468 1.19748430721 41839.0 41842.0 0.976
-34.5015678406 -147.348892212 -173.711883545 1.19260603414 41679.0 39798.0 0.944
-34.4757194519 -147.373001099 -173.72795105 1.18908935643 37081.0 41836.0 0.152
-34.3421516418 -147.511779785 -173.842254639 1.17099339123 41837.0 41837.0 0.0
-34.1641349792 -147.667480469 -173.93762207 1.16844281374 41662.0 41662.0 0.0
-34.1557540894 -147.674560547 -173.94303894 1.16930204402 34212.0 33335.0 0.624
-34.1297111511 -147.698730469 -173.960708618 1.17169417863 36012.0 39800.0 0.4
-34.0220222473 -147.810287476 -174.029891968 1.1858899899 38833.0 38833.0 0.0
-33.888256073 -147.945358276 -174.101699829 1.21204446935 39841.0 38830.0 0.792
-33.8518676758 -147.987594604 -174.120361328 1.22032092282 16711.0 41820.0 0.516
-33.8368377686 -148.008346558 -174.129928589 1.22395626405 33345.0 33345.0 0.0
-33.7369804382 -148.147583008 -174.204559326 1.25223431505 37019.0 36024.0 0.576
-33.6608734131 -148.266616821 -174.257522583 1.28204368078 41815.0 41816.0 0.132
-33.6444892883 -148.288070679 -174.265213013 1.28864969815 41815.0 41814.0 0.36
-33.618637085 -148.323776245 -174.281951904 1.30093954389 30309.0 41814.0 0.856
-33.5512962341 -148.405441284 -174.311126709 1.33118062266 28923.0 32514.0 0.016
-33.5502090454 -148.406784058 -174.31149292 1.33166710161 40888.0 28923.0 0.98
-33.4992485046 -148.478393555 -174.329666138 1.35513150244 40890.0 40888.0 0.192
-33.4887771606 -148.491287231 -174.333267212 1.35926707926 40890.0 40889.0 0.212
-33.40366745 -148.591018677 -174.363723755 1.39483168425 39845.0 32523.0 0.06
-33.400177002 -148.594467163 -174.364212036 1.3961121518 17539.0 39845.0 0.988
-33.3684310913 -148.633499146 -174.373092651 1.4108625829 38865.0 17539.0 0.932
-33.2627067566 -148.746582031 -174.382461548 1.45871538087 38865.0 38865.0 0.0
-33.2625846863 -148.746704102 -174.382476807 1.4587675362 35191.0 38865.0 0.996
-33.2324676514 -148.775253296 -174.386184692 1.47175421247 35191.0 35191.0 0.0
-33.2116966248 -148.778259277 -174.402297974 1.46065360311 10101.0 10101.0 0.0
-33.0061721802 -148.864196777 -174.509414673 1.427737464 28902.0 29592.0 0.964
-33.0034179688 -148.86491394 -174.510467529 1.4272655474 25501.0 29592.0 0.952
-32.9134597778 -148.90914917 -174.557723999 1.42293144897 24136.0 24136.0 0.0
-32.7641906738 -148.976104736 -174.63508606 1.41628566949 28908.0 28908.0 0.0
-32.7496452332 -148.981430054 -174.642440796 1.41514716405 24849.0 28890.0 0.12
-32.5957527161 -148.969436646 -174.731872559 1.34151677709 28219.0 28219.0 0.0
-32.5476341248 -148.960525513 -174.768417358 1.31589048927 24817.0 24817.0 0.0
-32.291633606 -148.902404785 -174.919799805 1.17887444646 28205.0 28217.0 0.788
-32.2306671143 -148.896636963 -174.959091187 1.15772040225 27528.0 27528.0 0.0
-32.2292671204 -148.896224976 -174.960067749 1.15701411236 28221.0 28236.0 0.052
-31.8555412292 -148.789016724 -175.153900146 1.0035921902 27535.0 27535.0 0.0
-31.599105835 -148.712905884 -175.283462524 0.948098961322 27533.0 27533.0 0.0
-31.5929012299 -148.713577271 -175.288299561 0.949353475096 30207.0 30206.0 0.98
-31.3602638245 -148.650588989 -175.405639648 0.933378790331 30203.0 30202.0 0.12
-31.2959308624 -148.634597778 -175.449569702 0.937664699205 28243.0 28243.0 0.0
-31.2887687683 -148.633499146 -175.454849243 0.938008455004 26185.0 28258.0 0.016
-31.0303707123 -148.559280396 -175.603759766 0.96523831505 28254.0 27556.0 0.896
-30.9816913605 -148.552352905 -175.631713867 0.976581515372 28823.0 28941.0 0.816
-30.8295516968 -148.538024902 -175.705047607 1.01055518216 28823.0 30211.0 0.688
-30.8049526215 -148.531600952 -175.717544556 1.01621932056 28247.0 30215.0 0.56
-30.6057720184 -148.500854492 -175.81690979 1.05996346211 26183.0 26845.0 0.46
-30.4969024658 -148.496826172 -175.870010376 1.09275924549 26183.0 27560.0 0.676
-30.4133224487 -148.490081787 -175.904510498 1.11758134766 27481.0 27481.0 0.0
-30.4132194519 -148.490081787 -175.904586792 1.11761505794 27558.0 27481.0 0.996
-30.3876781464 -148.491027832 -175.921737671 1.1260089176 27558.0 27558.0 0.0
-30.1615524292 -148.475357056 -176.03968811 1.1902033335 20985.0 20985.0 0.0
-30.1537647247 -148.475921631 -176.044723511 1.19262937508 26833.0 27568.0 0.96
-30.147485733 -148.475509644 -176.048309326 1.19405384229 27435.0 27568.0 0.94
-29.9902973175 -148.472335815 -176.092468262 1.20040788128 27435.0 21520.0 0.604
-29.9284534454 -148.466079712 -176.105865479 1.2018698356 26125.0 21520.0 0.024
-29.9278888702 -148.466033936 -176.105941772 1.20187071193 26125.0 26125.0 0.0
-29.7609958649 -148.439926147 -176.145599365 1.19580572214 17524.0 17524.0 0.0
-29.7515335083 -148.43800354 -176.147796631 1.19574787053 26120.0 19465.0 0.884
-29.7103977203 -148.426269531 -176.159469604 1.19250399947 26764.0 26764.0 0.0
-29.6950721741 -148.422866821 -176.162765503 1.19047096389 24801.0 24801.0 0.0
-29.6900539398 -148.422332764 -176.164154053 1.1895628019 28126.0 25455.0 0.996
-29.5392131805 -148.399139404 -176.213607788 1.1644258078 26760.0 26118.0 0.748
-29.4199180603 -148.383056641 -176.260574341 1.15190842399 24096.0 23320.0 0.808
-29.3916378021 -148.378433228 -176.272506714 1.14930897641 23376.0 23376.0 0.0
-29.1029911041 -148.314590454 -176.354278564 1.11680170451 23341.0 23341.0 0.0
-29.0477848053 -148.306015015 -176.36378479 1.11322588164 25428.0 26109.0 0.092
-28.8743915558 -148.278015137 -176.404846191 1.11105476511 25425.0 25425.0 0.0
-28.8741378784 -148.277999878 -176.404876709 1.1110492612 23422.0 25425.0 0.996
-28.8108844757 -148.273651123 -176.413970947 1.10967878902 23422.0 23422.0 0.0
-28.7745285034 -148.270507812 -176.420410156 1.10921869666 25445.0 25445.0 0.0
-28.6108150482 -148.242233276 -176.45741272 1.1090829859 24784.0 20483.0 0.172
-28.5212478638 -148.22869873 -176.469116211 1.11131368973 21061.0 22741.0 0.824
-28.4467124939 -148.213180542 -176.487014771 1.11124843631 26053.0 22137.0 0.28
-28.3212985992 -148.190765381 -176.510665894 1.11343106231 23354.0 26042.0 0.872
-28.2677936554 -148.177200317 -176.524795532 1.11419323292 20493.0 25410.0 0.732
-28.2450675964 -148.168304443 -176.527984619 1.11376123193 25410.0 25409.0 0.492
-28.0993385315 -148.133728027 -176.54977417 1.11039193732 24763.0 24763.0 0.0
-28.0473518372 -148.115737915 -176.558288574 1.11075391692 22667.0 22667.0 0.0
-27.9091358185 -148.069152832 -176.563278198 1.10932677194 19379.0 19379.0 0.0
-27.7726249695 -148.022979736 -176.576599121 1.1061328415 19901.0 19901.0 0.0
-27.6056175232 -147.956436157 -176.585449219 1.10289621984 20553.0 20553.0 0.0
-27.6055793762 -147.956436157 -176.585464478 1.10289462642 21585.0 20553.0 0.992
-27.6007652283 -147.955764771 -176.586624146 1.10269704335 21585.0 21585.0 0.0
-29.3007678986 -155.437973022 -175.429214478 0.69499068951 57133.0 57133.0 0.0
-29.2959766388 -155.362930298 -175.473144531 0.705525560208 56038.0 51745.0 0.316
-29.2944583893 -155.327972412 -175.495437622 0.709992857156 56039.0 56038.0 0.312
-29.2924556732 -155.315689087 -175.505065918 0.711222869331 56039.0 51773.0 0.64
-29.2915878296 -155.308853149 -175.510467529 0.711757837929 51773.0 54902.0 0.056
-29.28972435 -155.222213745 -175.56590271 0.715064972279 54901.0 50929.0 0.052
-29.2913608551 -155.198852539 -175.578430176 0.714973437639 54901.0 53875.0 0.948
-29.2916278839 -155.197494507 -175.579376221 0.714937296902 53875.0 53875.0 0.0
-29.3070888519 -155.063858032 -175.688552856 0.71858476798 49094.0 49094.0 0.0
-29.3379840851 -154.979858398 -175.74961853 0.721217842131 52821.0 52821.0 0.0
-29.3504524231 -154.91809082 -175.805587769 0.720293177896 53881.0 53881.0 0.0
-29.350605011 -154.917495728 -175.805999756 0.720318394876 53882.0 53881.0 0.996
-29.3885040283 -154.769470215 -175.907287598 0.726597422873 53882.0 53882.0 0.0
-29.3886795044 -154.768951416 -175.907592773 0.726646886762 52885.0 53882.0 0.98
-29.3973236084 -154.743362427 -175.922424316 0.729070617336 52885.0 52885.0 0.0
-29.3973293304 -154.743347168 -175.922424316 0.729070968272 52883.0 52885.0 0.996
-29.3986701965 -154.739974976 -175.924118042 0.729158351327 52883.0 52883.0 0.0
-29.4561023712 -154.553924561 -176.047561646 0.737409637923 52789.0 52789.0 0.0
-29.4700222015 -154.534957886 -176.064437866 0.738898919305 53339.0 53340.0 0.26
-29.4781341553 -154.513259888 -176.078964233 0.739603372542 52362.0 53340.0 0.944
-29.5435600281 -154.327331543 -176.176086426 0.757041326186 52357.0 52357.0 0.0
-29.5481052399 -154.308959961 -176.188369751 0.759317398012 51395.0 51395.0 0.0
-29.5952033997 -154.127578735 -176.269607544 0.777916866702 49071.0 51379.0 0.308
-29.6047935486 -154.100204468 -176.277481079 0.780545415992 49996.0 49071.0 0.328
-29.6107387543 -154.08164978 -176.281936646 0.782508208474 43081.0 49996.0 0.952
-29.6175251007 -154.056594849 -176.289123535 0.784522036562 49555.0 51382.0 0.86
-29.6718215942 -153.861114502 -176.325805664 0.807747136904 48622.0 46179.0 0.904
-29.7272357941 -153.724899292 -176.331710815 0.830931634447 50492.0 44638.0 0.52
-29.7411346436 -153.669509888 -176.339447021 0.837855279127 50036.0 48654.0 0.412
-29.7817935944 -153.573150635 -176.345596313 0.849023429863 39612.0 47676.0 0.624
-29.8075866699 -153.508178711 -176.345581055 0.857018260523 48180.0 50498.0 0.252
-29.8495426178 -153.422546387 -176.330749512 0.863950286417 48624.0 48195.0 0.12
-29.8562526703 -153.40776062 -176.329086304 0.865133006204 48624.0 48197.0 0.188
-29.9162349701 -153.308547974 -176.314682007 0.871493022453 687.0 687.0 0.0
-29.932144165 -153.262237549 -176.300491333 0.871467925886 22703.0 46167.0 0.092
-29.9936199188 -153.13835144 -176.26210022 0.867438224375 46168.0 46175.0 0.16
-30.0605106354 -153.035873413 -176.223419189 0.872540821444 46175.0 42112.0 0.756
-30.0882854462 -152.996841431 -176.210617065 0.873943161739 45145.0 42112.0 0.604
-30.1188411713 -152.962997437 -176.198272705 0.875379624845 47232.0 45152.0 0.872
-30.1523838043 -152.921432495 -176.185272217 0.877369990126 47232.0 47240.0 0.688
-30.1787128448 -152.88571167 -176.174667358 0.879808719859 47242.0 47240.0 0.584
-30.2029533386 -152.853424072 -176.167755127 0.882437502429 47242.0 47242.0 0.0
-30.2193164825 -152.832427979 -176.161392212 0.884467164908 45163.0 46199.0 0.108
-30.2783565521 -152.766586304 -176.135467529 0.888117839474 46199.0 46199.0 0.0
-30.2969074249 -152.745239258 -176.129653931 0.890459857918 43128.0 39053.0 0.928
-30.4128227234 -152.631317139 -176.074050903 0.899311849305 44146.0 44146.0 0.0
-30.496717453 -152.564697266 -176.036392212 0.904008896589 44635.0 44147.0 0.012
-30.5492630005 -152.53364563 -176.016189575 0.904556228783 45164.0 45164.0 0.0
-30.6473083496 -152.476867676 -175.987411499 0.910436144072 42110.0 42109.0 0.424
-30.6963405609 -152.453033447 -175.96887207 0.912225730673 42109.0 42109.0 0.0
-30.7363815308 -152.438781738 -175.955535889 0.912617872608 47185.0 47185.0 0.0
-30.8830242157 -152.368881226 -175.899917603 0.917424054035 47178.0 47178.0 0.0
-30.885477066 -152.368118286 -175.898864746 0.917626283756 47181.0 47178.0 0.976
-30.9852294922 -152.337371826 -175.856140137 0.925850292421 47181.0 47181.0 0.0
-30.9867324829 -152.336883545 -175.855651855 0.926130027762 45126.0 47181.0 0.984
-31.0791778564 -152.307098389 -175.826004028 0.943333751239 45126.0 45126.0 0.0
-31.0796070099 -152.306915283 -175.825820923 0.943423177588 47155.0 45126.0 0.992
-31.1328830719 -152.284255981 -175.803253174 0.954512044867 47155.0 47155.0 0.0
-31.1329784393 -152.284225464 -175.803207397 0.954532360489 47182.0 47155.0 0.996
-31.1569519043 -152.276184082 -175.792053223 0.959590950213 47182.0 47182.0 0.0
-31.1584873199 -152.275650024 -175.79145813 0.959950778269 48143.0 47182.0 0.976
-31.2208957672 -152.254135132 -175.76725769 0.974583785873 48143.0 48143.0 0.0
-31.2235031128 -152.253204346 -175.766418457 0.975228558017 47733.0 48142.0 0.472
-31.2252674103 -152.252609253 -175.765884399 0.975677286761 48144.0 47733.0 0.996
-31.3695812225 -152.207778931 -175.720153809 1.01825471737 48144.0 48144.0 0.0
-31.491607666 -152.17829895 -175.682296753 1.06391947851 48147.0 48147.0 0.0
-31.5210666656 -152.172866821 -175.665267944 1.08023530602 48145.0 47742.0 0.024
-31.5500507355 -152.16557312 -175.654190063 1.09418233085 47742.0 47742.0 0.0
-31.5717887878 -152.157775879 -175.644241333 1.10384364302 47741.0 47734.0 0.056
-31.6132106781 -152.140457153 -175.630874634 1.12019671338 47734.0 47734.0 0.0
-31.8135280609 -152.092056274 -175.55418396 1.21151566151 45704.0 45704.0 0.0
-31.9609565735 -152.046264648 -175.527145386 1.28074069984 48652.0 43670.0 0.268
-32.0447616577 -152.011444092 -175.511245728 1.32167753752 45701.0 43645.0 0.4
-32.3371124268 -151.908340454 -175.50982666 1.44878244981 41137.0 41137.0 0.0
-32.3817253113 -151.887863159 -175.50390625 1.47273967147 34294.0 42616.0 0.164
-32.5174789429 -151.825256348 -175.512817383 1.52952483945 47643.0 39589.0 0.004
-32.5182914734 -151.825012207 -175.512557983 1.53007787018 45705.0 47643.0 0.996
-32.6621322632 -151.71206665 -175.455307007 1.59287542634 40658.0 45705.0 0.008
-32.6629562378 -151.71131897 -175.454772949 1.59328542465 40657.0 40658.0 0.944
-32.677532196 -151.703369141 -175.444122314 1.60379408032 39574.0 40657.0 0.94
-32.9202880859 -151.455947876 -175.353240967 1.69563458442 40039.0 40659.0 0.028
-32.9396705627 -151.421966553 -175.339080811 1.70199783343 30940.0 38093.0 0.916
-33.1330070496 -151.257919312 -175.248657227 1.81542364093 32548.0 32548.0 0.0
-33.1810150146 -151.179122925 -175.237228394 1.82626656391 28852.0 42539.0 0.028
-33.3079109192 -150.901473999 -175.148727417 1.8746532882 40629.0 41600.0 0.856
-33.3251228333 -150.803283691 -175.148880005 1.86076130673 41602.0 39686.0 0.136
-33.3220977783 -150.560089111 -175.108047485 1.8302136563 36938.0 41606.0 0.3
-33.3223342896 -150.403488159 -175.107376099 1.80316557134 39595.0 38694.0 0.244
-33.2719993591 -150.121109009 -175.094268799 1.74525871392 36921.0 38718.0 0.58
-33.1738052368 -149.939590454 -175.13760376 1.65185904738 38715.0 38715.0 0.0
-33.1729049683 -149.937667847 -175.137451172 1.65133900853 31763.0 39628.0 0.004
-33.1041145325 -149.778686523 -175.142837524 1.59819611818 36912.0 34088.0 0.172
-32.9947776794 -149.591110229 -175.168258667 1.52470128047 37821.0 37819.0 0.208
-32.9673309326 -149.550109863 -175.172439575 1.5100232046 34984.0 36937.0 0.18
-32.9268417358 -149.49961853 -175.173690796 1.48897942154 35975.0 35983.0 0.724
-32.9073257446 -149.479751587 -175.173828125 1.4787278643 35022.0 35983.0 0.504
-32.8495674133 -149.423675537 -175.19342041 1.43854520779 35024.0 35024.0 0.0
-32.7966995239 -149.375976562 -175.206451416 1.40435458818 34115.0 34117.0 0.996
-32.5346260071 -149.200531006 -175.348709106 1.22668892754 33188.0 33188.0 0.0
-32.4069900513 -149.11869812 -175.393310547 1.16122998799 33194.0 33194.0 0.0
-32.2826042175 -149.049545288 -175.451583862 1.0966728528 30265.0 33198.0 0.96
-32.114654541 -148.942733765 -175.513366699 1.03279697229 27520.0 30265.0 0.444
-31.9010429382 -148.839874268 -175.581314087 0.984001434936 31675.0 30922.0 0.74
-31.7300548553 -148.780517578 -175.622329712 0.963962133223 31678.0 30922.0 0.168
-31.6721668243 -148.763977051 -175.64616394 0.959774247471 31679.0 31679.0 0.0
-31.5137901306 -148.705535889 -175.714538574 0.94860222106 30917.0 30921.0 0.404
-31.3668498993 -148.662307739 -175.781585693 0.955293578895 30917.0 27574.0 0.936
-31.356294632 -148.659606934 -175.786346436 0.956350848687 30923.0 27574.0 0.968
-31.1978244781 -148.625274658 -175.832885742 0.982642928066 30924.0 30273.0 0.096
-31.1812171936 -148.619216919 -175.839050293 0.984690629152 30924.0 30212.0 0.44
-31.0273551941 -148.575454712 -175.858398438 1.00219571792 28195.0 30212.0 0.168
-30.9971618652 -148.567276001 -175.86114502 1.00597142255 28195.0 28166.0 0.06
-30.8111686707 -148.537399292 -175.883728027 1.04120806458 30213.0 27571.0 0.292
-30.7470035553 -148.533462524 -175.898178101 1.056546894 30214.0 28165.0 0.044
-30.5929584503 -148.506057739 -175.96257019 1.09444098223 24845.0 28946.0 0.988
-30.590593338 -148.505874634 -175.963638306 1.09517181697 25479.0 28946.0 0.988
-30.4208049774 -148.491912842 -176.011535645 1.14250655653 25479.0 25479.0 0.0
-30.387878418 -148.492950439 -176.023422241 1.15220166854 27558.0 27549.0 0.952
-30.3704185486 -148.491256714 -176.029785156 1.15667078388 25492.0 27549.0 0.912
-30.190290451 -148.478942871 -176.053161621 1.18709097209 28249.0 25492.0 0.84
-30.1541213989 -148.481124878 -176.056350708 1.19187069447 27568.0 28814.0 0.132
-30.0854568481 -148.477981567 -176.066421509 1.19670321825 27568.0 27435.0 0.656
-30.0280342102 -148.476821899 -176.082550049 1.19902478638 27435.0 21520.0 0.22
-29.9278888702 -148.466033936 -176.105941772 1.20187071193 26125.0 26125.0 0.0
-29.7609958649 -148.439926147 -176.145599365 1.19580572214 17524.0 17524.0 0.0
-29.7515335083 -148.43800354 -176.147796631 1.19574787053 26120.0 19465.0 0.884
-29.7103977203 -148.426269531 -176.159469604 1.19250399947 26764.0 26764.0 0.0
-29.6950721741 -148.422866821 -176.162765503 1.19047096389 24801.0 24801.0 0.0
-29.6900539398 -148.422332764 -176.164154053 1.1895628019 28126.0 25455.0 0.996
-29.5392131805 -148.399139404 -176.213607788 1.1644258078 26760.0 26118.0 0.748
-29.4199180603 -148.383056641 -176.260574341 1.15190842399 24096.0 23320.0 0.808
-29.3916378021 -148.378433228 -176.272506714 1.14930897641 23376.0 23376.0 0.0
-29.1029911041 -148.314590454 -176.354278564 1.11680170451 23341.0 23341.0 0.0
-29.0477848053 -148.306015015 -176.36378479 1.11322588164 25428.0 26109.0 0.092
-28.8743915558 -148.278015137 -176.404846191 1.11105476511 25425.0 25425.0 0.0
-28.8741378784 -148.277999878 -176.404876709 1.1110492612 23422.0 25425.0 0.996
-28.8108844757 -148.273651123 -176.413970947 1.10967878902 23422.0 23422.0 0.0
-28.7745285034 -148.270507812 -176.420410156 1.10921869666 25445.0 25445.0 0.0
-28.6108150482 -148.242233276 -176.45741272 1.1090829859 24784.0 20483.0 0.172
-28.5212478638 -148.22869873 -176.469116211 1.11131368973 21061.0 22741.0 0.824
-28.4467124939 -148.213180542 -176.487014771 1.11124843631 26053.0 22137.0 0.28
-28.3212985992 -148.190765381 -176.510665894 1.11343106231 23354.0 26042.0 0.872
-28.2677936554 -148.177200317 -176.524795532 1.11419323292 20493.0 25410.0 0.732
-28.2450675964 -148.168304443 -176.527984619 1.11376123193 25410.0 25409.0 0.492
-28.0993385315 -148.133728027 -176.54977417 1.11039193732 24763.0 24763.0 0.0
-28.0473518372 -148.115737915 -176.558288574 1.11075391692 22667.0 22667.0 0.0
-27.9091358185 -148.069152832 -176.563278198 1.10932677194 19379.0 19379.0 0.0
-27.7726249695 -148.022979736 -176.576599121 1.1061328415 19901.0 19901.0 0.0
-27.6056175232 -147.956436157 -176.585449219 1.10289621984 20553.0 20553.0 0.0
-27.6055793762 -147.956436157 -176.585464478 1.10289462642 21585.0 20553.0 0.992
-27.6007652283 -147.955764771 -176.586624146 1.10269704335 21585.0 21585.0 0.0
