X Y Z MaximumInscribedSphereRadius EdgeArray0 EdgeArray1 EdgePCoordArray
-26.8602428436 -180.994308472 -100.242698669 0.552632076586 60783.0 60783.0 0.0
-26.7857551575 -181.026824951 -100.132514954 0.649331325664 60394.0 24727.0 0.58
-26.6880569458 -181.073318481 -100.047279358 0.729187118276 61609.0 61609.0 0.0
-26.6835021973 -181.073623657 -100.042152405 0.732123821708 61780.0 61408.0 0.024
-26.5562000275 -181.098556519 -99.9416732788 0.797694347994 61681.0 61681.0 0.0
-26.4719963074 -181.144042969 -99.8709487915 0.862105312683 61593.0 61593.0 0.0
-26.4486885071 -181.165359497 -99.8444213867 0.884024880879 59696.0 61603.0 0.792
-26.3543720245 -181.190841675 -99.7745513916 0.928326249693 61250.0 61250.0 0.0
-26.3540763855 -181.190841675 -99.774230957 0.928417461004 61722.0 61886.0 0.06
-26.3048992157 -181.193222046 -99.7361602783 0.932841138908 26373.0 26373.0 0.0
-26.0920810699 -181.189224243 -99.6302337646 0.951432805058 61310.0 61310.0 0.0
-26.0306797028 -181.181365967 -99.6017684937 0.9531751264 61703.0 61700.0 0.784
-25.9362602234 -181.174713135 -99.5666427612 0.954895304335 61483.0 59673.0 0.78
-25.811750412 -181.153518677 -99.513671875 0.961102087703 60993.0 61584.0 0.576
-25.7758159637 -181.145141602 -99.4975814819 0.964209105823 57227.0 61355.0 0.556
-25.7008571625 -181.117294312 -99.4654541016 0.968071380428 60680.0 60710.0 0.172
-25.6628246307 -181.106719971 -99.4524383545 0.971265116044 60991.0 60680.0 0.744
-25.5278587341 -181.055389404 -99.4269332886 0.97577826303 60508.0 60508.0 0.0
-25.4947338104 -181.047210693 -99.4202728271 0.977346337094 61243.0 25563.0 0.232
-25.4639625549 -181.038223267 -99.4126205444 0.977911704611 25563.0 25563.0 0.0
-25.3691177368 -181.005477905 -99.386680603 0.982229185631 60168.0 60168.0 0.0
-25.2509803772 -180.964981079 -99.3628463745 0.981679319631 60646.0 59887.0 0.256
-25.1164360046 -180.918762207 -99.3168487549 0.98448545972 60513.0 60210.0 0.832
-25.0832118988 -180.907791138 -99.3091964722 0.985272063325 60658.0 22978.0 0.716
-24.9449214935 -180.862258911 -99.2606277466 0.987912641658 59450.0 59450.0 0.0
-24.9220123291 -180.857040405 -99.2546005249 0.988014834279 60777.0 60777.0 0.0
-24.7215366364 -180.814834595 -99.1784820557 0.993793604743 58174.0 58174.0 0.0
-24.6731052399 -180.797424316 -99.1567993164 0.995454441721 60763.0 60523.0 0.56
-24.5568065643 -180.761566162 -99.1167373657 0.998950633747 59119.0 59119.0 0.0
-24.5347442627 -180.75541687 -99.106010437 0.998835161173 56062.0 58998.0 0.976
-24.4336833954 -180.732818604 -99.0570449829 1.00296492943 60526.0 60526.0 0.0
-24.3758945465 -180.716445923 -99.0289001465 1.00463516761 57072.0 59350.0 0.844
-24.3447875977 -180.708633423 -99.0157623291 1.00583279405 59350.0 25478.0 0.372
-24.2979831696 -180.698852539 -98.9966201782 1.00710885548 57252.0 59372.0 0.14
-24.2814922333 -180.694213867 -98.9883346558 1.00683784729 57252.0 60196.0 0.752
-24.2751960754 -180.692260742 -98.9855117798 1.00655329379 59381.0 60196.0 0.976
-24.1594104767 -180.656448364 -98.9260101318 1.00576111089 59351.0 53862.0 0.308
-24.0925426483 -180.630859375 -98.882522583 1.00540230667 54140.0 49788.0 0.836
-23.9967517853 -180.590927124 -98.8367233276 1.0030863506 58560.0 58560.0 0.0
-23.8219490051 -180.507614136 -98.7581939697 1.00009888681 59383.0 59383.0 0.0
-23.7713050842 -180.494033813 -98.733039856 1.00184060148 59028.0 59028.0 0.0
-23.7467155457 -180.486633301 -98.7180557251 1.00165699299 58994.0 58994.0 0.0
-23.6533298492 -180.462188721 -98.6613769531 0.99987544694 57094.0 57094.0 0.0
-23.4803314209 -180.390579224 -98.551651001 0.993232936476 57105.0 57105.0 0.0
-23.4740943909 -180.389312744 -98.5481796265 0.993351090443 51848.0 58596.0 0.172
-23.374080658 -180.354827881 -98.4786834717 0.987485914631 52632.0 52632.0 0.0
-23.2397994995 -180.319030762 -98.3993225098 0.990916535952 55470.0 55470.0 0.0
-23.2396354675 -180.318969727 -98.3992080688 0.990919013887 56522.0 55470.0 0.984
-23.229516983 -180.314804077 -98.3923950195 0.991071406877 56522.0 56522.0 0.0
-23.2294826508 -180.314788818 -98.3923721313 0.991070028476 51443.0 56522.0 0.996
-23.221162796 -180.31161499 -98.3874588013 0.990726806771 51443.0 51443.0 0.0
-23.1249656677 -180.275009155 -98.3249969482 0.990129723084 55048.0 55048.0 0.0
-23.1169605255 -180.270233154 -98.3205108643 0.989960956824 56517.0 53359.0 0.984
-22.907869339 -180.182479858 -98.1751174927 1.00862604558 55058.0 55058.0 0.0
-22.8787517548 -180.172363281 -98.1570129395 1.01157822589 45077.0 53444.0 0.128
-22.7785110474 -180.132369995 -98.0847549438 1.02450876927 53444.0 52997.0 0.592
-22.7045116425 -180.102783203 -98.0361404419 1.03708533777 54534.0 52997.0 0.18
-22.6919002533 -180.096954346 -98.0287780762 1.03949426348 53967.0 54534.0 0.888
-22.6216163635 -180.064926147 -97.9815826416 1.0542081976 54891.0 51950.0 0.312
-22.5767536163 -180.044036865 -97.954826355 1.06333107832 41938.0 41938.0 0.0
-22.4957637787 -179.992492676 -97.8630599976 1.0635419843 49679.0 49679.0 0.0
-22.4310150146 -179.95375061 -97.7940826416 1.05844977271 48894.0 49551.0 0.864
-22.4226055145 -179.947372437 -97.7843933105 1.05740422098 49551.0 50730.0 0.26
-22.3603954315 -179.880569458 -97.7065582275 1.04946894037 52570.0 52570.0 0.0
-22.2436695099 -179.806411743 -97.5596008301 1.04360767253 52553.0 52553.0 0.0
-22.2291259766 -179.792236328 -97.5441818237 1.0440305906 22688.0 52552.0 0.228
-22.1699123383 -179.74156189 -97.4777450562 1.04389869867 49570.0 49570.0 0.0
-22.0252475739 -179.653533936 -97.2759628296 1.04109316846 48294.0 48294.0 0.0
-21.9917430878 -179.63772583 -97.2212753296 1.03941572371 51461.0 52021.0 0.904
-21.9777336121 -179.629074097 -97.1947250366 1.03888835842 50512.0 52021.0 0.752
-21.9345111847 -179.592254639 -97.126991272 1.03995035434 50194.0 50194.0 0.0
-21.876033783 -179.547103882 -97.0321960449 1.03610444338 51463.0 51463.0 0.0
-21.8307437897 -179.482971191 -96.9550476074 1.03744616087 51285.0 51285.0 0.0
-21.8301849365 -179.482162476 -96.9537734985 1.03744195951 51286.0 51462.0 0.004
-21.7530956268 -179.415313721 -96.7814483643 1.03839575594 49779.0 49779.0 0.0
-21.7079849243 -179.372817993 -96.6868591309 1.04478916002 46022.0 50915.0 0.684
-21.6980838776 -179.364746094 -96.6695480347 1.04567672545 50915.0 43860.0 0.228
-21.614780426 -179.258789062 -96.4813766479 1.05827924543 50336.0 50336.0 0.0
-21.610956192 -179.251281738 -96.4713897705 1.05949026029 50341.0 50341.0 0.0
-21.6087150574 -179.247802734 -96.4665145874 1.05976099391 50340.0 50342.0 0.048
-21.5730037689 -179.181625366 -96.373878479 1.06544590676 49722.0 50189.0 0.876
-21.5673751831 -179.172424316 -96.3614807129 1.06643617599 50189.0 49768.0 0.396
-21.5622234344 -179.164901733 -96.3509140015 1.06710760406 49768.0 49767.0 0.12
-21.5487861633 -179.139205933 -96.3152008057 1.06710728543 49762.0 49761.0 0.476
-21.5178813934 -179.043029785 -96.1921234131 1.06709814158 48909.0 45100.0 0.232
-21.510723114 -179.005432129 -96.1448745728 1.06922612877 49599.0 48909.0 0.388
-21.5072574615 -178.981414795 -96.1174468994 1.07051629029 49599.0 47278.0 0.152
-21.4814033508 -178.887084961 -95.9888153076 1.07984333171 42631.0 42631.0 0.0
-21.4588565826 -178.777236938 -95.819190979 1.10261292599 49604.0 49611.0 0.228
-21.453546524 -178.744995117 -95.7612075806 1.11319221133 49605.0 49612.0 0.172
-21.4364871979 -178.692214966 -95.6640777588 1.13535812934 47343.0 49612.0 0.436
-21.4264678955 -178.647003174 -95.5874252319 1.15522109329 47343.0 49083.0 0.46
-21.4166049957 -178.583847046 -95.4772033691 1.19105446308 49086.0 49084.0 0.912
-21.4142169952 -178.574768066 -95.4590988159 1.19725725178 49084.0 47339.0 0.12
-21.4037475586 -178.522888184 -95.3693161011 1.2312755005 45413.0 47339.0 0.704
-21.3965244293 -178.449462891 -95.2272262573 1.29165767039 46047.0 46056.0 0.94
-21.3962459564 -178.445800781 -95.2173995972 1.29572837739 46056.0 46056.0 0.0
-21.3971862793 -178.441513062 -95.202331543 1.30178091166 46840.0 46840.0 0.0
-21.4025936127 -178.390014648 -95.0218429565 1.37126984815 48466.0 48466.0 0.0
-21.2352333069 -178.395751953 -94.8896942139 1.27763962121 43826.0 43826.0 0.0
-21.2172546387 -178.397064209 -94.8750762939 1.26687339509 41843.0 43908.0 0.356
-20.594367981 -178.288742065 -94.6271743774 0.97582385914 40827.0 40827.0 0.0
-20.3764781952 -178.258880615 -94.5359039307 0.929208532011 43142.0 43142.0 0.0
-20.1503543854 -178.196563721 -94.430015564 0.917081702867 35442.0 43118.0 0.696
-20.1242828369 -178.192825317 -94.4214935303 0.915399330482 43134.0 43118.0 0.356
-20.0086612701 -178.166656494 -94.3793411255 0.911966299744 43136.0 43134.0 0.32
-19.9566173553 -178.152420044 -94.3611984253 0.910642284246 43132.0 43136.0 0.936
-19.8573188782 -178.121017456 -94.3155059814 0.914920972181 43139.0 43139.0 0.0
-19.789730072 -178.111907959 -94.2864456177 0.918862381127 42284.0 42668.0 0.832
-19.6880207062 -178.084243774 -94.2532119751 0.924781383249 42291.0 41940.0 0.392
-19.6574325562 -178.077697754 -94.2447891235 0.927017696829 42621.0 41940.0 0.084
-19.6501178741 -178.075820923 -94.2422866821 0.927649128188 42685.0 42621.0 0.952
-19.5323429108 -178.050888062 -94.2053070068 0.935512094029 42685.0 40799.0 0.528
-19.4830608368 -178.041702271 -94.1953125 0.938426770401 42898.0 42159.0 0.972
-19.2245750427 -177.979064941 -94.111038208 0.970475587379 42913.0 42479.0 0.384
-19.1468505859 -177.954956055 -94.0758590698 0.988667483426 42676.0 37199.0 0.552
-19.0847148895 -177.936737061 -94.0432357788 1.00291015372 41856.0 41516.0 0.968
-19.0828037262 -177.93598938 -94.0421829224 1.00323861577 42485.0 41516.0 0.98
-19.0211830139 -177.910308838 -94.0143737793 1.01534898292 40809.0 40809.0 0.0
-19.0056591034 -177.901229858 -94.0109329224 1.01602612564 42472.0 41545.0 0.356
-18.9689044952 -177.878814697 -94.0017471313 1.01856978368 41545.0 42146.0 0.092
-18.8315391541 -177.796508789 -93.9572906494 1.03619382252 42146.0 42146.0 0.0
-18.8172302246 -177.785964966 -93.9511489868 1.03804549439 42142.0 41862.0 0.92
-18.7751407623 -177.762283325 -93.9415817261 1.03989612784 42944.0 42942.0 0.724
-18.7676620483 -177.758346558 -93.9393234253 1.03983425712 42944.0 42943.0 0.864
-18.6883049011 -177.706817627 -93.9283065796 1.03307268282 42152.0 42154.0 0.62
-18.5786457062 -177.634124756 -93.9229736328 1.02773087396 41579.0 42150.0 0.992
-18.5767993927 -177.632843018 -93.9227218628 1.02762831197 41861.0 42150.0 0.944
-18.5478801727 -177.612747192 -93.9196548462 1.02595322457 41861.0 41910.0 0.108
-18.4009628296 -177.530303955 -93.9196624756 1.02233133368 42205.0 42211.0 0.12
-18.3667049408 -177.509552002 -93.9225158691 1.02282604018 42204.0 42205.0 0.616
-18.3288002014 -177.472640991 -93.925994873 1.02254969766 42204.0 41897.0 0.012
-18.2890911102 -177.441604614 -93.92628479 1.02206162245 41902.0 41263.0 0.116
-18.1725025177 -177.344268799 -93.9386672974 1.02258405591 42223.0 42208.0 0.612
-18.1564464569 -177.32913208 -93.9421844482 1.02223756529 42208.0 42207.0 0.752
-18.0515918732 -177.220550537 -93.9489898682 1.01666476585 41526.0 41526.0 0.0
-18.0515766144 -177.220535278 -93.9489898682 1.01666273646 42570.0 41526.0 0.996
-18.0478153229 -177.215408325 -93.9485931396 1.01615741723 42570.0 42570.0 0.0
-17.993637085 -177.133346558 -93.9519119263 1.00281230867 42209.0 42209.0 0.0
-17.9574890137 -177.083557129 -93.9489059448 0.994781799101 23734.0 43011.0 0.004
-17.928396225 -177.064666748 -93.9477157593 0.994751847526 42575.0 42868.0 0.52
-17.8319377899 -176.998687744 -93.9780578613 0.975784048407 41808.0 41808.0 0.0
-25.1844768524 -172.73576355 -93.389213562 0.724227890055 59343.0 59343.0 0.0
-25.0646953583 -172.698867798 -93.3322525024 0.748645395896 58040.0 58959.0 0.66
-25.0486049652 -172.693817139 -93.3232192993 0.752780049068 58959.0 58946.0 0.232
-24.9767570496 -172.670074463 -93.2972183228 0.765262090151 1744.0 55575.0 0.4
-24.931854248 -172.651046753 -93.2836380005 0.771297944672 54133.0 1744.0 0.7
-24.8743686676 -172.629196167 -93.2727127075 0.779429948778 58505.0 58505.0 0.0
-24.870306015 -172.627471924 -93.2712478638 0.779813626475 3617.0 58039.0 0.984
-24.7487125397 -172.5625 -93.2240905762 0.791074031222 3617.0 3617.0 0.0
-24.6770153046 -172.512985229 -93.2021102905 0.79939549853 58513.0 58513.0 0.0
-24.6769886017 -172.512969971 -93.2021026611 0.799396416966 56415.0 58513.0 0.992
-24.6737003326 -172.511367798 -93.2014389038 0.799510303015 56415.0 56415.0 0.0
-24.4995536804 -172.409103394 -93.1487579346 0.813547064498 54143.0 56971.0 0.096
-24.4941177368 -172.404815674 -93.1469497681 0.814243364055 56909.0 54143.0 0.984
-24.4367084503 -172.372543335 -93.1307449341 0.816712900003 50517.0 50517.0 0.0
-24.3985023499 -172.351242065 -93.1180648804 0.819950299983 58080.0 56988.0 0.828
-24.3480892181 -172.325515747 -93.1054458618 0.826555692824 58080.0 58080.0 0.0
-24.3435516357 -172.323440552 -93.1038970947 0.827011652104 58081.0 58059.0 0.036
-24.3178291321 -172.31362915 -93.0969314575 0.829110745558 58061.0 58062.0 0.368
-24.2262687683 -172.26902771 -93.0650482178 0.834882708646 58095.0 58067.0 0.972
-24.1143226624 -172.224319458 -93.0249023438 0.850416740491 56980.0 58066.0 0.328
-24.0899620056 -172.218063354 -93.018951416 0.853188045226 57579.0 56980.0 0.872
-23.9536819458 -172.19078064 -92.957824707 0.856867692585 57577.0 57577.0 0.0
-23.9532928467 -172.190689087 -92.9576721191 0.856903426369 57575.0 57577.0 0.984
-23.9294166565 -172.18510437 -92.9483795166 0.859101054096 57575.0 57575.0 0.0
-23.9104957581 -172.182693481 -92.9429931641 0.8598779499 55797.0 57569.0 0.836
-23.8532390594 -172.178756714 -92.9292373657 0.859862962067 56430.0 57454.0 0.732
-23.7034626007 -172.175765991 -92.8690261841 0.857969267414 56432.0 56432.0 0.0
-23.5856990814 -172.202804565 -92.8149642944 0.83943565432 55879.0 57448.0 0.18
-23.5168170929 -172.215942383 -92.7763595581 0.833218868913 55326.0 55879.0 0.292
-23.4820861816 -172.219833374 -92.7586898804 0.831240375144 56375.0 55326.0 0.92
-23.3116931915 -172.282974243 -92.6736984253 0.810453874334 55807.0 55807.0 0.0
-23.2839126587 -172.3019104 -92.6596374512 0.803371044631 57481.0 56367.0 0.936
-23.1132850647 -172.402175903 -92.5956192017 0.776016287127 34587.0 57488.0 0.812
-23.1015491486 -172.407730103 -92.591758728 0.775768198121 53695.0 57484.0 0.816
-23.078081131 -172.422836304 -92.58203125 0.772671903306 56359.0 55793.0 0.812
-23.0638427734 -172.434112549 -92.5761947632 0.770178011495 56833.0 55793.0 0.828
-22.9976463318 -172.488174438 -92.5489196777 0.760270625505 54761.0 54761.0 0.0
-22.993637085 -172.492248535 -92.5475387573 0.759434149386 56883.0 56883.0 0.0
-22.827419281 -172.642608643 -92.4809646606 0.734604488074 56336.0 56336.0 0.0
-22.7450695038 -172.715026855 -92.459526062 0.725901027703 56334.0 56335.0 0.032
-22.7445545197 -172.715530396 -92.4593276978 0.72586811208 56334.0 9789.0 0.028
-22.7251148224 -172.732971191 -92.4516525269 0.723985679515 9789.0 9789.0 0.0
-22.5709114075 -172.905822754 -92.3901519775 0.725582208861 44983.0 44983.0 0.0
-22.4960327148 -172.982345581 -92.361907959 0.726278634229 55823.0 55823.0 0.0
-22.3955230713 -173.117797852 -92.323387146 0.73789052397 55798.0 55798.0 0.0
-22.378572464 -173.134674072 -92.3169403076 0.739039341358 55893.0 55832.0 0.044
-22.30119133 -173.232009888 -92.2833023071 0.742676304245 53708.0 52095.0 0.884
-22.2934913635 -173.244613647 -92.2793807983 0.743758670075 50497.0 52095.0 0.852
-22.2331981659 -173.350769043 -92.2550888062 0.750122318525 50489.0 50489.0 0.0
-22.1462001801 -173.481964111 -92.2147674561 0.752789375521 55369.0 55369.0 0.0
-22.0465450287 -173.653778076 -92.1647949219 0.754461732042 54206.0 54206.0 0.0
-21.9939537048 -173.769744873 -92.1442337036 0.75523267908 53713.0 53713.0 0.0
-21.9335536957 -173.875442505 -92.1358947754 0.754726893837 53710.0 53710.0 0.0
-21.880569458 -173.987548828 -92.1064682007 0.760242813878 53200.0 50999.0 0.076
-21.8766326904 -173.994903564 -92.1045379639 0.76073787869 45244.0 53200.0 0.912
-21.8505268097 -174.036071777 -92.093788147 0.763090728507 50449.0 51027.0 0.34
-21.7825489044 -174.183883667 -92.0601425171 0.772794436353 52784.0 52784.0 0.0
-21.7446079254 -174.263015747 -92.043510437 0.775860007735 52781.0 52783.0 0.584
-21.6955795288 -174.361846924 -92.0259552002 0.779688255143 50477.0 52781.0 0.136
-21.6654033661 -174.453918457 -92.009765625 0.787654481985 42423.0 52677.0 0.508
-21.6276912689 -174.519592285 -92.0046844482 0.785796703994 52764.0 53310.0 0.888
-21.5363483429 -174.722335815 -92.0300140381 0.783511200811 52771.0 53241.0 0.332
-21.5207519531 -174.76210022 -92.0445251465 0.783453827955 52770.0 52770.0 0.0
-21.4724025726 -174.869506836 -92.0652618408 0.787716103702 52773.0 52773.0 0.0
-21.4499607086 -174.915985107 -92.071395874 0.78711050038 51107.0 51107.0 0.0
-21.3955955505 -175.168045044 -92.0738525391 0.793781697997 52226.0 52226.0 0.0
-21.3731746674 -175.290969849 -92.0915222168 0.791910106737 52227.0 51105.0 0.988
-21.3729038239 -175.292938232 -92.0918884277 0.791898196212 51105.0 46495.0 0.016
-21.3592166901 -175.370834351 -92.1298065186 0.78533213307 37962.0 37962.0 0.0
-21.3386459351 -175.525588989 -92.2093734741 0.776073292769 51092.0 51092.0 0.0
-21.3419265747 -175.603393555 -92.2404937744 0.77324743235 49263.0 48599.0 0.904
-21.3311424255 -175.733596802 -92.306098938 0.773300975386 42320.0 48527.0 0.144
-21.3466777802 -175.885375977 -92.3808364868 0.783293378519 45042.0 45042.0 0.0
-21.3524780273 -175.911087036 -92.3968505859 0.785113030852 45566.0 45566.0 0.0
-21.3660640717 -175.981918335 -92.4345245361 0.792490241143 47466.0 45522.0 0.98
-21.3802776337 -176.030395508 -92.458946228 0.797653723438 47985.0 43171.0 0.948
-21.3829994202 -176.033340454 -92.460609436 0.7966167222 43171.0 47934.0 0.052
-21.4746112823 -176.144485474 -92.5309829712 0.764365947105 47934.0 48535.0 0.324
-21.6241531372 -176.364654541 -92.685005188 0.738257683174 48536.0 48536.0 0.0
-21.6242446899 -176.364807129 -92.6851882935 0.738271971673 47956.0 48536.0 0.988
-21.6317901611 -176.377655029 -92.7005310059 0.739448391409 47956.0 47956.0 0.0
-21.8371601105 -176.57661438 -92.9303665161 0.774596669189 47959.0 46493.0 0.82
-21.8818664551 -176.614776611 -92.9705734253 0.795696516074 47962.0 45599.0 0.688
-22.0627231598 -176.811080933 -93.1528625488 0.924812699478 47431.0 47533.0 0.492
-22.1865596771 -176.98425293 -93.2928314209 1.06587577466 47432.0 47432.0 0.0
-22.3037605286 -177.152267456 -93.4121170044 1.2026920302 46923.0 46923.0 0.0
-22.2899570465 -177.297515869 -93.4464416504 1.19252469512 45156.0 45156.0 0.0
-22.3042697906 -177.423049927 -93.4721374512 1.20814641538 44233.0 44316.0 0.996
-22.3042488098 -177.423416138 -93.4721908569 1.20813172714 44316.0 44316.0 0.0
-22.2894325256 -177.81867981 -93.5992431641 1.25764096703 42232.0 42232.0 0.0
-22.0794868469 -178.199401855 -93.8628692627 1.26408768301 44255.0 44255.0 0.0
-22.0762119293 -178.257476807 -93.9210968018 1.3010895337 42083.0 42083.0 0.0
-21.3927173615 -178.497573853 -94.3861923218 1.15058709431 45051.0 43143.0 0.984
-21.3830108643 -178.499176025 -94.3911743164 1.15025976599 44186.0 43143.0 0.424
-21.3777618408 -178.499679565 -94.393119812 1.14975051199 43086.0 44186.0 0.968
-20.8812427521 -178.559448242 -94.366355896 1.05040272728 45062.0 45062.0 0.0
-20.6279525757 -178.536178589 -94.3228149414 1.02901480998 44489.0 44489.0 0.0
-20.6269397736 -178.535873413 -94.3226699829 1.0288701753 44433.0 44431.0 0.988
-20.5927448273 -178.526351929 -94.3203735352 1.02271908434 44433.0 44434.0 0.728
-20.5078907013 -178.495864868 -94.3057479858 1.0017859982 44252.0 44252.0 0.0
-20.2787590027 -178.40222168 -94.2716522217 0.961153942384 44139.0 44139.0 0.0
-20.246515274 -178.384414673 -94.2695770264 0.957312428101 44138.0 44138.0 0.0
-20.1361351013 -178.351226807 -94.2549209595 0.940890380884 42927.0 44136.0 0.184
-20.0694255829 -178.329620361 -94.2406845093 0.933985685342 42927.0 43920.0 0.48
-20.0085601807 -178.311264038 -94.2247695923 0.927197442062 43921.0 43920.0 0.92
-19.9958648682 -178.308395386 -94.2227401733 0.925872503118 43556.0 43554.0 0.94
-19.720949173 -178.224304199 -94.1669082642 0.910571236033 40585.0 40585.0 0.0
-19.6631202698 -178.191421509 -94.1580581665 0.916982827363 43552.0 43549.0 0.092
-19.5057907104 -178.12902832 -94.1352233887 0.931923448555 42900.0 42900.0 0.0
-19.4391460419 -178.1065979 -94.1253890991 0.93656987445 42684.0 42476.0 0.512
-19.3000392914 -178.04914856 -94.1016693115 0.956429654632 42476.0 40607.0 0.644
-19.2300300598 -178.022262573 -94.0853500366 0.968421940064 42479.0 40607.0 0.584
-19.1612815857 -177.986557007 -94.0660324097 0.985202838408 42479.0 36925.0 0.476
-19.0952568054 -177.956741333 -94.0417785645 1.00159621759 37199.0 37199.0 0.0
-19.0951652527 -177.956680298 -94.0417480469 1.00161887294 42654.0 37199.0 0.996
-19.0723438263 -177.9400177 -94.0338897705 1.00726005525 42654.0 42654.0 0.0
-19.0624790192 -177.934143066 -94.0307006836 1.00888895431 41301.0 40809.0 0.088
-19.0211830139 -177.910308838 -94.0143737793 1.01534898292 40809.0 40809.0 0.0
-19.0056591034 -177.901229858 -94.0109329224 1.01602612564 42472.0 41545.0 0.356
-18.9689044952 -177.878814697 -94.0017471313 1.01856978368 41545.0 42146.0 0.092
-18.8315391541 -177.796508789 -93.9572906494 1.03619382252 42146.0 42146.0 0.0
-18.8172302246 -177.785964966 -93.9511489868 1.03804549439 42142.0 41862.0 0.92
-18.7751407623 -177.762283325 -93.9415817261 1.03989612784 42944.0 42942.0 0.724
-18.7676620483 -177.758346558 -93.9393234253 1.03983425712 42944.0 42943.0 0.864
-18.6883049011 -177.706817627 -93.9283065796 1.03307268282 42152.0 42154.0 0.62
-18.5786457062 -177.634124756 -93.9229736328 1.02773087396 41579.0 42150.0 0.992
-18.5767993927 -177.632843018 -93.9227218628 1.02762831197 41861.0 42150.0 0.944
-18.5478801727 -177.612747192 -93.9196548462 1.02595322457 41861.0 41910.0 0.108
-18.4009628296 -177.530303955 -93.9196624756 1.02233133368 42205.0 42211.0 0.12
-18.3667049408 -177.509552002 -93.9225158691 1.02282604018 42204.0 42205.0 0.616
-18.3288002014 -177.472640991 -93.925994873 1.02254969766 42204.0 41897.0 0.012
-18.2890911102 -177.441604614 -93.92628479 1.02206162245 41902.0 41263.0 0.116
-18.1725025177 -177.344268799 -93.9386672974 1.02258405591 42223.0 42208.0 0.612
-18.1564464569 -177.32913208 -93.9421844482 1.02223756529 42208.0 42207.0 0.752
-18.0515918732 -177.220550537 -93.9489898682 1.01666476585 41526.0 41526.0 0.0
-18.0515766144 -177.220535278 -93.9489898682 1.01666273646 42570.0 41526.0 0.996
-18.0478153229 -177.215408325 -93.9485931396 1.01615741723 42570.0 42570.0 0.0
-17.993637085 -177.133346558 -93.9519119263 1.00281230867 42209.0 42209.0 0.0
-17.9574890137 -177.083557129 -93.9489059448 0.994781799101 23734.0 43011.0 0.004
-17.928396225 -177.064666748 -93.9477157593 0.994751847526 42575.0 42868.0 0.52
-17.8319377899 -176.998687744 -93.9780578613 0.975784048407 41808.0 41808.0 0.0
