X Y Z MaximumInscribedSphereRadius EdgeArray0 EdgeArray1 EdgePCoordArray
-47.3383102417 -177.228561401 -124.938568115 1.70300387834 52054.0 52054.0 0.0
-47.3384361267 -177.228652954 -124.938697815 1.70299267563 51435.0 52054.0 0.992
-47.3539276123 -177.239089966 -124.954376221 1.70160353882 51435.0 51435.0 0.0
-47.3741760254 -177.252426147 -124.975990295 1.69996801444 51626.0 51626.0 0.0
-47.3743362427 -177.2525177 -124.976211548 1.69994501461 51318.0 51626.0 0.992
-47.3940734863 -177.263870239 -125.003501892 1.69709303479 51318.0 51318.0 0.0
-47.4150009155 -177.275695801 -125.033317566 1.69462671495 52457.0 52457.0 0.0
-47.4152793884 -177.290298462 -125.046134949 1.68420352176 51906.0 50868.0 0.992
-47.4185447693 -177.323257446 -125.071922302 1.66234756284 52450.0 52248.0 0.024
-46.2897148132 -178.518066406 -125.406288147 0.530496240402 52268.0 52268.0 0.0
-46.2298469543 -178.562210083 -125.422592163 0.537360466727 52308.0 52307.0 0.408
-46.142868042 -178.671569824 -125.461669922 0.540031245891 52303.0 51621.0 0.772
-46.079044342 -178.718185425 -125.49079895 0.541384604777 51494.0 51494.0 0.0
-45.9732170105 -178.825744629 -125.531951904 0.552052195578 52076.0 52076.0 0.0
-45.9019050598 -178.93309021 -125.588012695 0.568439496359 51839.0 51624.0 0.076
-45.8984260559 -178.935684204 -125.590370178 0.568428429109 51839.0 50873.0 0.04
-45.8103370667 -179.007141113 -125.641540527 0.564457000894 50873.0 51647.0 0.804
-45.6623001099 -179.154418945 -125.691291809 0.58063000845 51860.0 51860.0 0.0
-45.6305160522 -179.189697266 -125.702919006 0.58429109452 51861.0 51859.0 0.58
-45.5640335083 -179.248214722 -125.718093872 0.584650368865 51835.0 51836.0 0.62
-45.5519142151 -179.256637573 -125.718261719 0.584690258171 51628.0 51836.0 0.52
-45.5357894897 -179.26713562 -125.720703125 0.583007603738 51628.0 51646.0 0.052
-45.3941650391 -179.392028809 -125.750640869 0.574250847138 51649.0 51649.0 0.0
-45.308177948 -179.486694336 -125.780075073 0.577556338875 51640.0 49192.0 0.264
-45.2752456665 -179.511795044 -125.78704834 0.576705115419 51643.0 51643.0 0.0
-45.1782646179 -179.620544434 -125.816513062 0.572912893495 51637.0 51637.0 0.0
-45.1400680542 -179.657485962 -125.825202942 0.569461188562 51635.0 51428.0 0.292
-45.0884246826 -179.710983276 -125.845817566 0.564717901031 51634.0 51634.0 0.0
-45.0507621765 -179.752990723 -125.859832764 0.564783861741 51633.0 51633.0 0.0
-44.9976539612 -179.830276489 -125.88432312 0.561112536824 51604.0 51598.0 0.24
-44.9417457581 -179.886306763 -125.900177002 0.555892112057 51595.0 51606.0 0.964
-44.8454742432 -180.029647827 -125.914001465 0.549149225413 50979.0 50979.0 0.0
-44.8454589844 -180.029663086 -125.914001465 0.549147577774 50244.0 50979.0 0.996
-44.8415107727 -180.033584595 -125.914222717 0.548737315671 50244.0 50244.0 0.0
-44.6982345581 -180.247421265 -125.936729431 0.54162528748 51405.0 51467.0 0.764
-44.697467804 -180.248138428 -125.936584473 0.541624227562 51173.0 51466.0 0.784
-44.6639976501 -180.298812866 -125.938682556 0.54366161219 51225.0 51466.0 0.776
-44.5563735962 -180.468048096 -125.925605774 0.551009583832 51411.0 51411.0 0.0
-44.5492515564 -180.476242065 -125.926826477 0.552068231896 51140.0 51364.0 0.028
-44.438419342 -180.643966675 -125.948539734 0.581966286442 51122.0 51127.0 0.704
-44.4092483521 -180.67565918 -125.953353882 0.590024567471 51139.0 51136.0 0.956
-44.4074249268 -180.677429199 -125.953437805 0.590394795215 50689.0 51136.0 0.98
-44.2760238647 -180.849090576 -125.994773865 0.629062757988 50705.0 50887.0 0.28
-44.2296638489 -180.893859863 -126.000541687 0.644846537026 50705.0 50265.0 0.384
-44.1701202393 -180.935943604 -126.016921997 0.658352110927 346.0 50691.0 0.072
-44.1027145386 -181.005783081 -126.050193787 0.672113770888 48534.0 50484.0 0.976
-43.9793243408 -181.107192993 -126.091842651 0.708216428113 48534.0 50687.0 0.804
-43.9229927063 -181.158554077 -126.114814758 0.730116016599 49706.0 50483.0 0.6
-43.912902832 -181.171325684 -126.117431641 0.734856554355 50476.0 50476.0 0.0
-43.8857421875 -181.190826416 -126.128181458 0.740598521152 50683.0 48532.0 0.084
-43.7317352295 -181.237930298 -126.222434998 0.740241422521 49976.0 49976.0 0.0
-43.7082862854 -181.240447998 -126.234924316 0.737803664715 50427.0 50427.0 0.0
-43.4889640808 -181.295593262 -126.345588684 0.732366887283 50465.0 50465.0 0.0
-43.4875411987 -181.296279907 -126.346115112 0.73239632582 50475.0 50465.0 0.976
-43.4296607971 -181.323989868 -126.367446899 0.733593492978 50475.0 50475.0 0.0
-43.2401657104 -181.374481201 -126.430076599 0.739353604549 50223.0 50223.0 0.0
-43.2035903931 -181.3878479 -126.441322327 0.738896341465 50655.0 50656.0 0.044
-43.0471000671 -181.466323853 -126.478286743 0.745385171775 50653.0 50652.0 0.052
-42.8855438232 -181.505889893 -126.511207581 0.75481155279 49713.0 49713.0 0.0
-42.7930335999 -181.544265747 -126.534683228 0.764275367207 50175.0 50173.0 0.724
-42.7781867981 -181.550827026 -126.536628723 0.766068179647 50173.0 50173.0 0.0
-42.7755775452 -181.552047729 -126.536956787 0.766470953695 50167.0 50168.0 0.016
-42.7007980347 -181.58190918 -126.553398132 0.774108139944 49688.0 49688.0 0.0
-42.5735931396 -181.621948242 -126.593910217 0.783151856878 49909.0 49909.0 0.0
-42.5451316833 -181.635452271 -126.601242065 0.783872084258 48772.0 48772.0 0.0
-42.4167976379 -181.676101685 -126.642608643 0.781764434591 49520.0 49520.0 0.0
-42.4061813354 -181.678771973 -126.647392273 0.781652350783 281.0 281.0 0.0
-42.379535675 -181.685150146 -126.659378052 0.780138156305 48782.0 49200.0 0.908
-42.1977539062 -181.717422485 -126.716789246 0.769832546345 48764.0 48764.0 0.0
-42.0996246338 -181.742141724 -126.758369446 0.764976985513 48979.0 48989.0 0.204
-41.9983215332 -181.76133728 -126.806358337 0.769936308932 48979.0 49034.0 0.768
-41.971496582 -181.767166138 -126.820953369 0.771663069233 49034.0 49034.0 0.0
-41.9626426697 -181.769165039 -126.823631287 0.771362102993 49446.0 48553.0 0.212
-41.9340782166 -181.776184082 -126.831764221 0.769863888687 48553.0 48553.0 0.0
-41.9061965942 -181.78175354 -126.841392517 0.76805713186 48733.0 48733.0 0.0
-41.7612419128 -181.802246094 -126.883308411 0.764275397364 49188.0 49188.0 0.0
-41.7578544617 -181.80291748 -126.884979248 0.764266085298 48495.0 49185.0 0.956
-41.6529121399 -181.816955566 -126.949150085 0.761948801449 48476.0 48560.0 0.776
-41.6256866455 -181.824615479 -126.963096619 0.761659533617 48560.0 48028.0 0.16
-41.4203948975 -181.850616455 -127.033592224 0.762537459333 48725.0 48725.0 0.0
-41.4200325012 -181.85067749 -127.033905029 0.762571710655 48962.0 48310.0 0.008
-41.4032440186 -181.853424072 -127.049819946 0.763546763423 47496.0 48724.0 0.212
-41.2988395691 -181.868225098 -127.105148315 0.764438025296 48480.0 48041.0 0.768
-41.2797470093 -181.873443604 -127.114112854 0.765145893842 48720.0 48721.0 0.712
-41.1027526855 -181.900283813 -127.181419373 0.768865262491 47770.0 47770.0 0.0
-41.0169868469 -181.899673462 -127.222434998 0.774222383418 48066.0 46316.0 0.084
-40.8965148926 -181.92489624 -127.275413513 0.775865759431 46785.0 47488.0 0.596
-40.738735199 -181.929504395 -127.350204468 0.78329017245 47684.0 47684.0 0.0
-40.5926895142 -181.945755005 -127.405128479 0.788270994431 48239.0 48239.0 0.0
-40.4396247864 -181.963272095 -127.507225037 0.798175841742 47963.0 47963.0 0.0
-40.3677520752 -181.972564697 -127.537704468 0.798002255387 47997.0 47997.0 0.0
-40.2296638489 -181.981018066 -127.636329651 0.803342445706 47842.0 47842.0 0.0
-40.1661529541 -181.985092163 -127.686477661 0.803216304419 47689.0 47686.0 0.624
-40.1303062439 -181.983566284 -127.718292236 0.802166850866 47686.0 47448.0 0.876
-40.1266479492 -181.983139038 -127.721107483 0.802012711233 47448.0 47060.0 0.072
-39.9846000671 -181.980102539 -127.792381287 0.791492246458 46303.0 47246.0 0.828
-39.857837677 -181.954315186 -127.865829468 0.785134375676 47234.0 47057.0 0.876
-39.8397064209 -181.953475952 -127.87449646 0.784400029906 47236.0 47057.0 0.892
-39.6506729126 -181.92048645 -127.966880798 0.771703259973 41373.0 41373.0 0.0
-39.5762710571 -181.895431519 -127.98639679 0.766869370581 46852.0 46681.0 0.296
-39.4062690735 -181.862731934 -128.031890869 0.761790799625 46844.0 46844.0 0.0
-39.3960342407 -181.859436035 -128.038635254 0.761994385073 46598.0 46849.0 0.904
-39.3672294617 -181.854873657 -128.056625366 0.759967622819 46571.0 46663.0 0.192
-39.2208175659 -181.816574097 -128.146484375 0.757248654411 46682.0 46568.0 0.52
-39.1419410706 -181.808700562 -128.184356689 0.757928016411 46363.0 46688.0 0.644
-38.9726676941 -181.760910034 -128.267745972 0.762251160838 46064.0 46276.0 0.488
-38.9566993713 -181.759094238 -128.275314331 0.76255049342 46064.0 46536.0 0.752
-38.8783683777 -181.73638916 -128.313323975 0.759375373647 46065.0 46258.0 0.936
-38.8706130981 -181.734695435 -128.317047119 0.758904761528 45820.0 46258.0 0.948
-38.8422317505 -181.726654053 -128.34463501 0.758108143848 45573.0 45573.0 0.0
-38.7519683838 -181.716400146 -128.428985596 0.754918046516 43654.0 43654.0 0.0
-38.6044883728 -181.664794922 -128.532806396 0.761489601242 45997.0 45997.0 0.0
-38.5954399109 -181.659713745 -128.537796021 0.761776356708 45335.0 44361.0 0.764
-38.4665603638 -181.611022949 -128.588195801 0.760147658035 44377.0 45797.0 0.344
-38.4103088379 -181.579208374 -128.612060547 0.758545787042 44377.0 45308.0 0.792
-38.390411377 -181.569946289 -128.619888306 0.75748179516 45308.0 45790.0 0.152
-38.2980880737 -181.534835815 -128.651855469 0.755812554245 45792.0 45287.0 0.632
-38.0721664429 -181.39692688 -128.736663818 0.770402740956 42759.0 42759.0 0.0
-38.0499305725 -181.373748779 -128.744155884 0.770776227413 44581.0 44581.0 0.0
-37.8705444336 -181.233856201 -128.850830078 0.780247517655 45110.0 44533.0 0.804
-37.8332328796 -181.213195801 -128.870941162 0.784758505937 42817.0 44236.0 0.312
-37.7308959961 -181.137786865 -128.934417725 0.794378917868 44562.0 44236.0 0.152
-37.6806411743 -181.088165283 -128.967498779 0.804757430048 44512.0 44562.0 0.612
-37.6207542419 -181.024932861 -129.014465332 0.817899682891 44222.0 44222.0 0.0
-37.5893630981 -180.999832153 -129.041107178 0.824597326425 44668.0 44549.0 0.104
-37.5331916809 -180.948272705 -129.082870483 0.835977064649 44544.0 44675.0 0.056
-37.5241241455 -180.938430786 -129.090133667 0.838064285006 44544.0 44707.0 0.256
-37.5038375854 -180.915679932 -129.113311768 0.844733927131 44707.0 44707.0 0.0
-37.4987983704 -180.910934448 -129.117996216 0.846141088896 44706.0 44707.0 0.88
-37.4618492126 -180.876159668 -129.152313232 0.856460275173 44706.0 44706.0 0.0
-37.4616699219 -180.875946045 -129.152450562 0.856510207549 44710.0 44706.0 0.996
-37.4172096252 -180.823608398 -129.186782837 0.868943369122 44710.0 44710.0 0.0
-37.337890625 -180.751678467 -129.238723755 0.887792789777 317.0 317.0 0.0
-37.2885551453 -180.701858521 -129.28692627 0.907229705687 44323.0 44199.0 0.016
-37.2403869629 -180.638870239 -129.324203491 0.924571316174 315.0 44199.0 0.804
-37.2144012451 -180.612243652 -129.340713501 0.931613946381 44386.0 44382.0 0.388
-37.1863594055 -180.583450317 -129.361862183 0.94049921457 44382.0 44382.0 0.0
-37.156452179 -180.552688599 -129.385971069 0.953363813005 44550.0 44550.0 0.0
-37.1410751343 -180.536315918 -129.39503479 0.957705430566 44553.0 44553.0 0.0
-37.1347541809 -180.528381348 -129.399536133 0.959898120359 44555.0 44553.0 0.932
-37.0481338501 -180.419647217 -129.461135864 0.989950868687 44555.0 44555.0 0.0
-37.0256195068 -180.396514893 -129.480438232 0.997838282116 44568.0 44569.0 0.916
-36.9811172485 -180.347824097 -129.514419556 1.01238453382 44568.0 44570.0 0.884
-36.9380455017 -180.292678833 -129.541610718 1.02552191538 44747.0 44746.0 0.276
-36.9103088379 -180.253479004 -129.557296753 1.03400889343 44742.0 44743.0 0.564
-36.8775062561 -180.215362549 -129.575637817 1.04093160414 44739.0 44739.0 0.0
-36.7568397522 -180.093017578 -129.602294922 1.05482135889 44579.0 44577.0 0.688
-36.7476806641 -180.084030151 -129.605636597 1.0558356808 44580.0 44578.0 0.688
-36.6460227966 -179.988067627 -129.621810913 1.06098158113 44404.0 43198.0 0.216
-36.6191558838 -179.971298218 -129.62109375 1.05929559576 44404.0 44404.0 0.0
-36.6189155579 -179.97114563 -129.621063232 1.05928771966 44262.0 44404.0 0.996
-36.5591430664 -179.931869507 -129.614105225 1.05732656882 44262.0 44262.0 0.0
-36.5531730652 -179.926300049 -129.613494873 1.05709533349 44085.0 43511.0 0.012
-36.3661155701 -179.755355835 -129.618103027 1.0623608951 43513.0 44034.0 0.372
-36.3524017334 -179.740310669 -129.615142822 1.06169473404 43668.0 44034.0 0.18
-36.1883277893 -179.58442688 -129.597900391 1.05880447475 43834.0 43834.0 0.0
-36.1035079956 -179.519775391 -129.594833374 1.0624774069 44071.0 43040.0 0.92
-36.0990486145 -179.516021729 -129.593917847 1.06262382831 43040.0 43649.0 0.028
-35.8847579956 -179.398178101 -129.533401489 1.05515673035 43682.0 43494.0 0.3
-35.8753929138 -179.391860962 -129.529434204 1.05476207732 43622.0 43589.0 0.324
-35.7787971497 -179.338287354 -129.496398926 1.04955590956 43380.0 43251.0 0.668
-35.7012329102 -179.297714233 -129.471237183 1.04885601467 43724.0 43724.0 0.0
-35.5132598877 -179.209457397 -129.401184082 1.0484304062 43567.0 43567.0 0.0
-35.5064659119 -179.207092285 -129.398101807 1.04874523533 43651.0 43630.0 0.952
-35.4687805176 -179.189117432 -129.38168335 1.04703680295 43362.0 43570.0 0.04
-35.4530677795 -179.179916382 -129.374023438 1.04533491017 43362.0 43435.0 0.828
-35.4495277405 -179.177764893 -129.372650146 1.04487802162 43435.0 43435.0 0.0
-35.2893409729 -179.076858521 -129.315216064 1.04233796199 42646.0 42646.0 0.0
-35.2870368958 -179.075714111 -129.31439209 1.04219779519 43468.0 43489.0 0.008
-35.1402893066 -178.986877441 -129.26763916 1.03195509507 43488.0 43483.0 0.836
-35.0141677856 -178.895126343 -129.227279663 1.03239856279 43397.0 43396.0 0.144
-34.9951400757 -178.883666992 -129.221572876 1.03394332264 43397.0 43408.0 0.2
-34.8435440063 -178.783859253 -129.188491821 1.04682471258 43407.0 43106.0 0.604
-34.8113174438 -178.766998291 -129.182601929 1.04901811323 43106.0 43406.0 0.748
-34.7089118958 -178.695144653 -129.166427612 1.05267914301 43187.0 43187.0 0.0
-34.5820007324 -178.612243652 -129.129898071 1.05698689748 42681.0 42681.0 0.0
-34.4842453003 -178.557296753 -129.122238159 1.06253734834 42517.0 42517.0 0.0
-34.3438034058 -178.46875 -129.103271484 1.05909916722 43000.0 42997.0 0.552
-34.2291107178 -178.409484863 -129.086532593 1.05994607453 41730.0 42654.0 0.332
-34.1735801697 -178.374893188 -129.076324463 1.06134635048 42101.0 42603.0 0.848
-34.1110916138 -178.34173584 -129.066665649 1.06492477949 42101.0 42850.0 0.652
-34.0489883423 -178.303619385 -129.055618286 1.06629163961 42645.0 42849.0 0.768
-34.0010490417 -178.269805908 -129.04486084 1.06676349402 41785.0 226.0 0.36
-33.9542999268 -178.240219116 -129.036010742 1.06952816528 42591.0 41785.0 0.396
-33.8403625488 -178.176635742 -129.00604248 1.07606020243 42589.0 42589.0 0.0
-33.8402900696 -178.176605225 -129.006027222 1.07605951665 42651.0 42589.0 0.996
-33.8224029541 -178.16973877 -129.002716064 1.07588875581 42651.0 42651.0 0.0
-33.6494178772 -178.086517334 -128.959686279 1.07565406968 41964.0 41964.0 0.0
-33.6241111755 -178.072296143 -128.949371338 1.07386465075 42485.0 42481.0 0.052
-33.4859161377 -178.0131073 -128.902420044 1.06418811281 42484.0 39359.0 0.804
-33.4821395874 -178.011245728 -128.901168823 1.06393615089 39359.0 11699.0 0.188
-33.3479957581 -177.929077148 -128.857772827 1.05707728688 41721.0 41721.0 0.0
-33.219669342 -177.871841431 -128.809432983 1.05217633336 41951.0 42306.0 0.888
-33.2142753601 -177.868896484 -128.807617188 1.05196962956 42306.0 42279.0 0.208
-33.1896057129 -177.85848999 -128.803268433 1.05068901225 42279.0 42279.0 0.0
-33.0502738953 -177.793060303 -128.759338379 1.04399428753 42190.0 42190.0 0.0
-32.9490890503 -177.759353638 -128.730194092 1.04222894955 42131.0 42212.0 0.976
-32.9069480896 -177.741073608 -128.718643188 1.04163612438 42210.0 41963.0 0.504
-32.862247467 -177.721008301 -128.707046509 1.04215122808 42090.0 41963.0 0.76
-32.7768249512 -177.679824829 -128.690750122 1.04338937648 40284.0 40284.0 0.0
-32.6940536499 -177.638778687 -128.678894043 1.04758125926 42017.0 42017.0 0.0
-32.5840950012 -177.593994141 -128.657745361 1.04048100018 333.0 42013.0 0.996
-32.4599876404 -177.530838013 -128.634887695 1.03846057486 41945.0 41945.0 0.0
-32.3661308289 -177.479949951 -128.627288818 1.04326957313 41942.0 41946.0 0.184
-32.3502311707 -177.472961426 -128.626983643 1.04345826267 41942.0 41943.0 0.784
-32.3481674194 -177.472167969 -128.626739502 1.04331812232 41846.0 41943.0 0.996
-32.187171936 -177.388137817 -128.596618652 1.03510109332 41773.0 41773.0 0.0
-32.1731414795 -177.380706787 -128.595870972 1.03529562936 41275.0 41771.0 0.956
-32.0328788757 -177.281723022 -128.561813354 1.04286772144 41748.0 41748.0 0.0
-31.9885997772 -177.253631592 -128.56262207 1.04748021036 41751.0 41750.0 0.996
-31.9884681702 -177.253555298 -128.562637329 1.04749457606 41745.0 41750.0 0.996
-31.9410572052 -177.223022461 -128.556274414 1.04738514184 41745.0 41697.0 0.768
-31.931432724 -177.217422485 -128.554641724 1.0468882422 41697.0 41697.0 0.0
-31.7387313843 -177.095809937 -128.535614014 1.05244810908 41572.0 41572.0 0.0
-31.7269821167 -177.08682251 -128.53314209 1.05278658033 39688.0 41596.0 0.584
-31.7080917358 -177.074783325 -128.528320312 1.05235467694 41596.0 41600.0 0.172
-31.5724182129 -176.990707397 -128.502532959 1.05350910389 41598.0 41598.0 0.0
-31.4478054047 -176.927200317 -128.474884033 1.04996960277 41513.0 41401.0 0.728
-31.4161186218 -176.914810181 -128.465209961 1.04769096554 41263.0 41510.0 0.448
-31.3998794556 -176.906066895 -128.460754395 1.04521422984 2339.0 41404.0 0.84
-31.1729679108 -176.780700684 -128.374984741 1.03132542887 15661.0 41033.0 0.608
-31.1320457458 -176.754440308 -128.364837646 1.03056800313 41199.0 41314.0 0.72
-31.0006713867 -176.679138184 -128.327972412 1.03309996427 40466.0 40466.0 0.0
-30.8658676147 -176.621444702 -128.287521362 1.04390638574 40984.0 41323.0 0.444
-30.8276405334 -176.601882935 -128.27973938 1.04620741465 40956.0 41202.0 0.076
-30.8240451813 -176.59979248 -128.279190063 1.04629178122 40956.0 41110.0 0.088
-30.7820949554 -176.573577881 -128.269104004 1.04713012886 39512.0 41110.0 0.684
-30.7156524658 -176.533462524 -128.248519897 1.0492967972 41095.0 39512.0 0.356
-30.6582870483 -176.500595093 -128.229324341 1.05354447779 40939.0 41095.0 0.344
-30.6240386963 -176.478469849 -128.218704224 1.05658245799 40939.0 40650.0 0.144
-30.5197982788 -176.416885376 -128.203903198 1.06458109185 40559.0 40559.0 0.0
-30.5043621063 -176.406860352 -128.200073242 1.06549861324 4006.0 40427.0 0.852
-30.4959793091 -176.401794434 -128.197769165 1.0660815965 40427.0 40837.0 0.068
-30.4067878723 -176.340744019 -128.166381836 1.07319369669 40820.0 40820.0 0.0
-30.3023414612 -176.266159058 -128.149307251 1.08130974725 40530.0 40391.0 0.96
-30.2021389008 -176.211364746 -128.131347656 1.08779141917 40530.0 40530.0 0.0
-30.2020015717 -176.211303711 -128.131317139 1.08779635208 40350.0 40530.0 0.972
-30.1972618103 -176.209213257 -128.13041687 1.08796759427 40350.0 40350.0 0.0
-30.0161247253 -176.108261108 -128.087997437 1.09595301349 40174.0 40174.0 0.0
-29.8428668976 -176.017089844 -128.054107666 1.10193770505 40510.0 40510.0 0.0
-29.6958732605 -175.946105957 -128.045135498 1.10490579496 40584.0 40584.0 0.0
-29.6429595947 -175.917526245 -128.041183472 1.10958487247 40509.0 40488.0 0.748
-29.6263427734 -175.909164429 -128.040420532 1.1109293721 40522.0 40488.0 0.932
-29.5480003357 -175.878540039 -128.034606934 1.11362243212 38270.0 38270.0 0.0
-29.5346794128 -175.872177124 -128.033554077 1.11372937463 40437.0 40437.0 0.0
-29.3861808777 -175.785598755 -128.020614624 1.1159897277 40046.0 40046.0 0.0
-29.3780517578 -175.78012085 -128.019836426 1.11570404109 40225.0 40333.0 0.084
-29.2758598328 -175.722869873 -128.008682251 1.11245453507 39704.0 40143.0 0.476
-29.1688747406 -175.664932251 -127.98815155 1.10843653856 39813.0 39813.0 0.0
-29.1379852295 -175.646148682 -127.985488892 1.10816622189 40156.0 40156.0 0.0
-29.1118621826 -175.63079834 -127.982566833 1.10645106818 40183.0 40178.0 0.888
-28.9803962708 -175.560195923 -127.951347351 1.09230482286 39519.0 39519.0 0.0
-28.8510761261 -175.478729248 -127.92741394 1.08166733319 39972.0 39289.0 0.676
-28.7265872955 -175.402862549 -127.881416321 1.06979500146 39804.0 39804.0 0.0
-28.592464447 -175.32824707 -127.852874756 1.06094114762 39979.0 39979.0 0.0
-28.5484237671 -175.305633545 -127.84262085 1.05698468615 39799.0 39799.0 0.0
-28.3975067139 -175.239196777 -127.791885376 1.03797809951 39305.0 39831.0 0.944
-28.3835296631 -175.233520508 -127.78792572 1.03689775488 39637.0 39832.0 0.968
-28.3528823853 -175.219345093 -127.777618408 1.03382162087 39826.0 39826.0 0.0
-28.1711711884 -175.155273438 -127.73033905 1.01975184672 39674.0 39674.0 0.0
-28.1709671021 -175.155181885 -127.730300903 1.01974104529 39474.0 39674.0 0.992
-28.145565033 -175.142974854 -127.725204468 1.01840166723 39474.0 39474.0 0.0
-28.0130138397 -175.091186523 -127.700889587 1.01318355785 37926.0 39365.0 0.084
-27.9321403503 -175.06578064 -127.689628601 1.01355665712 38905.0 39029.0 0.304
-27.9062519073 -175.058700562 -127.686470032 1.01406388513 38105.0 39283.0 0.544
-27.8906536102 -175.053039551 -127.68422699 1.01345912925 38105.0 39398.0 0.836
-27.8757228851 -175.048934937 -127.681747437 1.01205645069 39398.0 39396.0 0.736
-27.8723659515 -175.048141479 -127.681350708 1.01161219278 38434.0 39396.0 0.98
-27.5921134949 -174.982315063 -127.627006531 0.998834079579 39321.0 39321.0 0.0
-27.5812931061 -174.979751587 -127.624320984 0.998530738472 39327.0 38967.0 0.008
-27.5745220184 -174.97756958 -127.622406006 0.997884537965 39328.0 39050.0 0.088
-27.3216114044 -174.914733887 -127.56829071 0.985551995594 39042.0 39042.0 0.0
-27.3049869537 -174.907821655 -127.565940857 0.98657324209 39041.0 39048.0 0.628
-27.2262439728 -174.885055542 -127.556518555 0.986161650609 39001.0 39001.0 0.0
-27.1398029327 -174.85925293 -127.537986755 0.984633529698 39002.0 39002.0 0.0
-26.9961414337 -174.815078735 -127.513130188 0.989892384358 38920.0 38592.0 0.188
-26.9391918182 -174.801773071 -127.500953674 0.994767048237 38657.0 38918.0 0.868
-26.8390808105 -174.768325806 -127.477355957 1.00299512145 38656.0 38657.0 0.048
-26.8219661713 -174.761108398 -127.473007202 1.00428965563 38597.0 38656.0 0.608
-26.7878036499 -174.747558594 -127.467277527 1.00606610135 38234.0 38765.0 0.14
-26.777759552 -174.743164062 -127.465354919 1.00660252223 38234.0 38661.0 0.24
-26.7402362823 -174.728256226 -127.455757141 1.00790914123 38700.0 38661.0 0.324
-26.7305870056 -174.724456787 -127.453491211 1.00846617389 38700.0 38606.0 0.2
-26.7110767365 -174.717498779 -127.451133728 1.00985984574 38606.0 38525.0 0.032
-26.5429096222 -174.650604248 -127.435836792 1.02775896214 6075.0 38525.0 0.176
-26.5002403259 -174.629196167 -127.437210083 1.03315738547 38367.0 38367.0 0.0
-26.2557868958 -174.542922974 -127.407310486 1.06249402137 38376.0 38022.0 0.16
-26.2061767578 -174.518844604 -127.402236938 1.07064683 38220.0 38310.0 0.952
-26.1162071228 -174.491455078 -127.40032959 1.07835065178 37897.0 35761.0 0.46
-26.1065006256 -174.489257812 -127.399345398 1.07879608638 38314.0 38312.0 0.46
-26.0460300446 -174.475463867 -127.397903442 1.08385362084 38314.0 38315.0 0.676
-26.0275230408 -174.472793579 -127.395423889 1.08421256316 38315.0 38205.0 0.188
-26.0076580048 -174.470306396 -127.393371582 1.08447673191 38104.0 38205.0 0.988
-25.8845653534 -174.447738647 -127.371101379 1.08350792431 38115.0 38114.0 0.284
-25.8168621063 -174.436340332 -127.361404419 1.08642316432 38114.0 38116.0 0.864
-25.7983036041 -174.432495117 -127.358222961 1.08729758908 38054.0 38116.0 0.572
-25.7799110413 -174.425354004 -127.35585022 1.08778674758 37948.0 37948.0 0.0
-25.5925617218 -174.373306274 -127.327407837 1.09168992702 37887.0 37887.0 0.0
-25.5623588562 -174.366958618 -127.324188232 1.09280939688 37656.0 37900.0 0.28
-25.5387115479 -174.36050415 -127.321136475 1.09307134599 37900.0 37544.0 0.296
-25.4840373993 -174.346801758 -127.315742493 1.09400060783 37760.0 37920.0 0.076
-25.4695014954 -174.342941284 -127.313652039 1.09418524276 37667.0 37918.0 0.064
-25.3110847473 -174.305023193 -127.299171448 1.09921068267 37475.0 6098.0 0.612
-25.29205513 -174.299362183 -127.296791077 1.10024029358 6098.0 37345.0 0.804
-25.2879676819 -174.297973633 -127.296203613 1.10033982628 37343.0 37345.0 0.824
-25.2607955933 -174.289810181 -127.294288635 1.0993142014 37343.0 37342.0 0.732
-25.2108612061 -174.276000977 -127.293159485 1.09715205191 37235.0 37342.0 0.404
-25.1899547577 -174.270675659 -127.291252136 1.09584918524 37235.0 37339.0 0.208
-24.9943141937 -174.212860107 -127.269180298 1.10036884883 37108.0 37108.0 0.0
-24.9513607025 -174.198516846 -127.255180359 1.10046047826 37110.0 37129.0 0.332
-24.9183673859 -174.191864014 -127.246261597 1.09847678067 37110.0 37002.0 0.376
-24.8621044159 -174.181274414 -127.230613708 1.09439847986 37002.0 37010.0 0.048
-24.6967525482 -174.171447754 -127.193305969 1.08120804603 36737.0 36737.0 0.0
-24.4535636902 -174.125640869 -127.160606384 1.07435492543 36391.0 36391.0 0.0
-24.4184684753 -174.116363525 -127.15927124 1.07474846217 35672.0 35672.0 0.0
-24.2524776459 -174.086242676 -127.13659668 1.06725135887 35974.0 35974.0 0.0
-24.2314605713 -174.080993652 -127.134590149 1.06696586219 35709.0 35293.0 0.312
-24.1877498627 -174.070175171 -127.134376526 1.06554992999 36403.0 36403.0 0.0
-24.0404281616 -174.020965576 -127.131965637 1.06527053385 36378.0 36378.0 0.0
-23.9872093201 -173.996337891 -127.127975464 1.06591252537 36380.0 36380.0 0.0
-23.82188797 -173.925186157 -127.104949951 1.05388548974 34410.0 34410.0 0.0
-23.6695842743 -173.866760254 -127.106498718 1.04962725881 36001.0 36001.0 0.0
-23.6691513062 -173.866638184 -127.106559753 1.04958589926 36007.0 36001.0 0.964
-23.6575469971 -173.863357544 -127.108146667 1.04847838241 36007.0 36007.0 0.0
-23.4316921234 -173.803619385 -127.119781494 1.03549094913 35284.0 35284.0 0.0
-23.3119659424 -173.778930664 -127.132514954 1.04088949943 35403.0 34700.0 0.456
-23.2788143158 -173.772079468 -127.139419556 1.04173084439 34700.0 34700.0 0.0
-23.0313167572 -173.739364624 -127.160751343 1.05208879282 35982.0 35982.0 0.0
-23.0311927795 -173.739334106 -127.160758972 1.05210397388 35981.0 35982.0 0.996
-23.0001316071 -173.730834961 -127.162452698 1.05588405616 35981.0 35981.0 0.0
-22.9751300812 -173.724227905 -127.166061401 1.05811784801 35653.0 35289.0 0.996
-22.8239459991 -173.685440063 -127.1980896 1.07792476568 35653.0 35653.0 0.0
-22.7056941986 -173.679428101 -127.250724792 1.07483697507 34395.0 34988.0 0.088
-22.7037582397 -173.679473877 -127.251655579 1.07474113503 34666.0 34395.0 0.92
-22.4857749939 -173.652496338 -127.405166626 1.04645052473 34663.0 34663.0 0.0
-22.2994747162 -173.638244629 -127.48235321 1.04160667589 34369.0 31076.0 0.384
-22.2327060699 -173.61807251 -127.513259888 1.03424133571 34172.0 34172.0 0.0
-22.0818595886 -173.543945312 -127.612098694 1.01324446255 34429.0 34429.0 0.0
-22.0241222382 -173.529190063 -127.647392273 1.00246620294 29410.0 29410.0 0.0
-22.0240287781 -173.529159546 -127.647415161 1.00244990277 34738.0 29410.0 0.996
-22.0006790161 -173.521240234 -127.653541565 0.998391159807 34738.0 34738.0 0.0
-22.0003547668 -173.521102905 -127.653717041 0.998278600905 34737.0 34444.0 0.012
-21.6482162476 -173.330978394 -127.936096191 0.929809371429 34442.0 34442.0 0.0
-21.6472644806 -173.330627441 -127.936798096 0.929850012248 34353.0 34442.0 0.98
-21.6006660461 -173.313674927 -127.971046448 0.931841412397 34353.0 34353.0 0.0
-21.4940624237 -173.261505127 -128.057754517 0.940047694723 32572.0 33532.0 0.996
-21.2281856537 -173.168304443 -128.277679443 1.02526419143 33849.0 33849.0 0.0
-21.1674842834 -173.125717163 -128.311172485 1.0479639643 34166.0 34164.0 0.404
-21.1288204193 -173.107299805 -128.33102417 1.06013112593 34159.0 34108.0 0.084
-20.9528141022 -173.051208496 -128.431442261 1.11941558788 33611.0 33611.0 0.0
-20.8936862946 -173.032440186 -128.471908569 1.1379346164 33093.0 34151.0 0.064
-20.6222724915 -172.973800659 -128.655731201 1.25029930425 33343.0 33343.0 0.0
-20.5562763214 -172.978988647 -128.702575684 1.27860629482 32173.0 32173.0 0.0
-20.5173721313 -172.969223022 -128.727676392 1.29530880436 32539.0 32539.0 0.0
-20.5172805786 -172.969192505 -128.727767944 1.29533460969 33083.0 32539.0 0.996
-20.4945201874 -172.960952759 -128.749603271 1.30176013594 33083.0 33083.0 0.0
-20.4942321777 -172.960830688 -128.749938965 1.30182260067 33082.0 33083.0 0.992
-20.4584388733 -172.945220947 -128.791824341 1.30956822769 33082.0 33082.0 0.0
-20.4258708954 -172.925613403 -128.834396362 1.31583105839 33089.0 33090.0 0.94
-20.4163990021 -172.91645813 -128.850311279 1.3162712197 33088.0 33087.0 0.312
-20.3900184631 -172.891357422 -128.886901855 1.31955674867 32605.0 33087.0 0.952
-20.3732318878 -172.871444702 -128.913803101 1.32155853064 33084.0 32179.0 0.096
-20.2630157471 -172.769546509 -129.091995239 1.33267778208 32775.0 33614.0 0.124
-20.2531318665 -172.761398315 -129.108291626 1.33388488082 31068.0 33075.0 0.1
-20.2180252075 -172.726959229 -129.166885376 1.34201786795 32347.0 32812.0 0.308
-20.1952075958 -172.6978302 -129.208908081 1.34770664453 33599.0 33599.0 0.0
-20.1896362305 -172.692901611 -129.221054077 1.34750939508 32336.0 33598.0 0.98
-20.1417217255 -172.646331787 -129.350830078 1.34421915994 32617.0 33988.0 0.728
-20.099565506 -172.612365723 -129.470550537 1.34507846837 32789.0 32836.0 0.568
-20.0866374969 -172.593963623 -129.527954102 1.34313705493 31772.0 33013.0 0.432
-20.0733127594 -172.57975769 -129.590652466 1.34208142855 33127.0 33127.0 0.0
-20.0668582916 -172.574005127 -129.617538452 1.34062592235 33592.0 33592.0 0.0
-20.008146286 -172.530807495 -129.845214844 1.34697235634 33100.0 33100.0 0.0
-19.9923725128 -172.515869141 -129.888061523 1.35037204191 33348.0 33348.0 0.0
-19.9918346405 -172.515350342 -129.889953613 1.35049431755 33399.0 33348.0 0.988
-19.9475154877 -172.472213745 -130.04548645 1.36056167795 33399.0 33399.0 0.0
-19.9444122314 -172.470001221 -130.053070068 1.36097267566 33400.0 33120.0 0.068
-19.908416748 -172.448196411 -130.138473511 1.36484893679 33120.0 33120.0 0.0
-19.9083213806 -172.448135376 -130.138748169 1.36486618451 33124.0 33120.0 0.996
-19.8845939636 -172.431213379 -130.207260132 1.36916086906 33124.0 33124.0 0.0
-19.8575935364 -172.417068481 -130.264007568 1.37122972308 32099.0 32350.0 0.348
-19.8150863647 -172.398651123 -130.35218811 1.37406489136 32350.0 32350.0 0.0
-19.8149929047 -172.398605347 -130.352401733 1.37408298101 33131.0 32350.0 0.996
-19.7917156219 -172.387420654 -130.40574646 1.37858730475 33131.0 33131.0 0.0
-19.7917003632 -172.387420654 -130.405776978 1.37859050142 41.0 33131.0 0.996
-19.7879314423 -172.38609314 -130.414138794 1.37938647338 41.0 41.0 0.0
-19.7691802979 -172.3802948 -130.46472168 1.38117762516 33233.0 33233.0 0.0
-19.65184021 -172.352462769 -130.70614624 1.38234207169 33229.0 33229.0 0.0
-19.6438331604 -172.352584839 -130.725708008 1.38226221754 32979.0 32957.0 0.976
-19.6436958313 -172.352554321 -130.725952148 1.38225064141 32688.0 32957.0 0.988
-19.5823364258 -172.341751099 -130.840576172 1.38134973477 32972.0 32971.0 0.628
-19.5757846832 -172.339935303 -130.854553223 1.38123788869 32973.0 32972.0 0.404
-19.5461597443 -172.332321167 -130.914413452 1.38191221539 32959.0 32738.0 0.412
-19.5162086487 -172.322402954 -130.973403931 1.38198765061 29930.0 29930.0 0.0
-19.4371414185 -172.310745239 -131.106185913 1.3821890772 32481.0 32481.0 0.0
-19.398141861 -172.301818848 -131.186096191 1.38395931186 32293.0 32293.0 0.0
-19.3315505981 -172.295455933 -131.319702148 1.38045715439 31608.0 31608.0 0.0
-19.3220787048 -172.293334961 -131.33883667 1.38028583921 32702.0 29837.0 0.752
-19.2988986969 -172.291183472 -131.386962891 1.37823366236 31272.0 32477.0 0.112
-19.2080459595 -172.290420532 -131.548782349 1.37576905762 30303.0 30303.0 0.0
-19.191576004 -172.288757324 -131.577209473 1.37676546658 32699.0 32220.0 0.092
-19.1809902191 -172.286621094 -131.596572876 1.37671304482 32220.0 31915.0 0.98
-19.0530834198 -172.285827637 -131.796325684 1.3715749136 32914.0 32914.0 0.0
-19.0482330322 -172.286621094 -131.804031372 1.37152390126 31714.0 32917.0 0.072
-19.0277023315 -172.28742981 -131.835083008 1.37004527979 29029.0 30631.0 0.576
-19.0142192841 -172.287490845 -131.85383606 1.36900679821 31928.0 31928.0 0.0
-18.9412651062 -172.287750244 -131.953994751 1.36272740137 31929.0 31929.0 0.0
-18.9410610199 -172.287734985 -131.95425415 1.36271066438 31027.0 31929.0 0.984
-18.9285030365 -172.286361694 -131.970657349 1.36168133947 31027.0 31027.0 0.0
-18.8784255981 -172.288528442 -132.039138794 1.35502978263 31916.0 31916.0 0.0
-18.772228241 -172.284439087 -132.142669678 1.35043926587 28954.0 30880.0 0.068
-18.7704315186 -172.284317017 -132.144561768 1.35039146498 31020.0 28954.0 0.892
-18.631275177 -172.293869019 -132.286529541 1.3438929483 29519.0 29519.0 0.0
-18.5762195587 -172.298858643 -132.331298828 1.34401407801 31248.0 30135.0 0.968
-18.5630435944 -172.299346924 -132.342910767 1.34365282591 31247.0 31246.0 0.908
-18.5042991638 -172.298568726 -132.400756836 1.34017872859 28557.0 31243.0 0.524
-18.3155860901 -172.313323975 -132.571990967 1.34145281129 29929.0 29929.0 0.0
-18.3149604797 -172.313430786 -132.572555542 1.34151154168 30868.0 29929.0 0.992
-18.2374782562 -172.327514648 -132.641998291 1.34879411003 30868.0 30868.0 0.0
-18.2054691315 -172.330856323 -132.67300415 1.35125192293 28823.0 28823.0 0.0
-18.0800437927 -172.360916138 -132.796737671 1.36363623066 28584.0 28584.0 0.0
-18.0378856659 -172.367599487 -132.841262817 1.36908229026 30054.0 30054.0 0.0
-17.989988327 -172.371520996 -132.888061523 1.37287033928 26280.0 28567.0 0.356
-17.9215698242 -172.373184204 -132.951812744 1.37790281976 28567.0 28567.0 0.0
-17.9014320374 -172.377227783 -132.970565796 1.37778288553 28245.0 28245.0 0.0
-17.768283844 -172.397888184 -133.113555908 1.37792306079 30276.0 30276.0 0.0
-17.6114139557 -172.422576904 -133.322677612 1.40373897563 30584.0 29430.0 0.256
-17.587972641 -172.42930603 -133.361236572 1.40976388273 30584.0 30584.0 0.0
-17.534740448 -172.446105957 -133.434768677 1.42534714702 30283.0 30283.0 0.0
-17.5338745117 -172.446487427 -133.436172485 1.4257740171 30695.0 30283.0 0.992
-17.4263858795 -172.493927002 -133.611053467 1.47870590694 30695.0 30695.0 0.0
-17.4263763428 -172.493927002 -133.611068726 1.47871091197 30696.0 30695.0 0.996
-17.4239063263 -172.494598389 -133.615020752 1.47995716597 30696.0 30696.0 0.0
-17.3848285675 -172.49180603 -133.669952393 1.48887046177 29326.0 29326.0 0.0
-17.2819976807 -172.458236694 -133.886779785 1.50260470066 30989.0 30989.0 0.0
-17.2727394104 -172.454483032 -133.902755737 1.50170175694 29474.0 28689.0 0.752
-17.1865787506 -172.366333008 -134.089355469 1.46694711086 7578.0 30564.0 0.764
-17.1502094269 -172.303161621 -134.187484741 1.44505969031 30993.0 30993.0 0.0
-17.2035751343 -171.857345581 -134.679077148 1.26363606133 30965.0 30965.0 0.0
-17.2072582245 -171.842788696 -134.706817627 1.26551050917 27959.0 30854.0 0.312
-17.2094783783 -171.830490112 -134.730743408 1.26664371807 31224.0 30854.0 0.536
-17.2187900543 -171.805648804 -134.772476196 1.26943404085 31226.0 31224.0 0.808
-17.242729187 -171.674285889 -134.936416626 1.26164727856 31222.0 31222.0 0.0
-17.2983264923 -171.487182617 -135.126434326 1.27459995913 31223.0 30265.0 0.924
-17.300239563 -171.480163574 -135.133621216 1.27601838432 30265.0 30852.0 0.268
-17.306268692 -171.462295532 -135.151885986 1.27998190498 30849.0 30852.0 0.92
-17.3225669861 -171.39894104 -135.212387085 1.29246467409 30101.0 30100.0 0.248
-17.325460434 -171.382751465 -135.225311279 1.29501235531 30101.0 30101.0 0.0
-17.3257541656 -171.344055176 -135.25958252 1.29690432306 29716.0 27795.0 0.088
-17.1587333679 -171.100585938 -135.671722412 1.19446009129 28204.0 28204.0 0.0
-17.1327991486 -171.094268799 -135.715026855 1.17662546584 27291.0 27826.0 0.792
-16.8619041443 -171.070144653 -135.955078125 1.00168060304 27206.0 24823.0 0.056
-16.8081130981 -171.081298828 -135.985717773 0.962945494918 28155.0 27206.0 0.704
-16.6986694336 -171.117752075 -136.026321411 0.875994932398 28871.0 28155.0 0.916
-16.5005874634 -171.157623291 -136.109130859 0.731537918606 7465.0 7465.0 0.0
-16.1547298431 -171.229064941 -136.186920166 0.551648557676 28639.0 28639.0 0.0
-15.932636261 -171.242630005 -136.260147095 0.480980205866 28846.0 28846.0 0.0
-15.8828105927 -171.249252319 -136.26335144 0.466808801522 26016.0 26016.0 0.0
-15.6441059113 -171.24571228 -136.333175659 0.417184132537 28843.0 28843.0 0.0
-15.5499382019 -171.209884644 -136.376815796 0.406853643405 27922.0 28038.0 0.928
-15.5426187515 -171.207946777 -136.378372192 0.405980385716 25802.0 28038.0 0.932
-15.5167360306 -171.188537598 -136.388061523 0.399163998508 29197.0 29202.0 0.232
-15.3908348083 -171.131240845 -136.449493408 0.375520123852 29203.0 29203.0 0.0
-15.2310390472 -171.090026855 -136.535247803 0.385713321248 29565.0 29565.0 0.0
-15.0983257294 -171.010253906 -136.639282227 0.398003866651 14086.0 14086.0 0.0
-15.0627603531 -170.964630127 -136.657333374 0.392041260058 27576.0 29454.0 0.86
-15.056643486 -170.957046509 -136.660263062 0.391019850992 29454.0 28635.0 0.016
-14.9685077667 -170.850616455 -136.7394104 0.386899191133 26696.0 26696.0 0.0
-14.9374961853 -170.802307129 -136.782745361 0.395753596275 29167.0 27962.0 0.232
-14.9255962372 -170.757980347 -136.819671631 0.399534823417 29180.0 27962.0 0.708
-14.9163446426 -170.710037231 -136.851165771 0.404251504075 29180.0 28595.0 0.02
-14.914355278 -170.692382812 -136.866775513 0.408071141034 23492.0 28595.0 0.976
-14.8881616592 -170.595169067 -136.918411255 0.416634966387 27443.0 27443.0 0.0
-14.8875017166 -170.407226562 -137.016220093 0.42155772037 30376.0 7989.0 0.748
-14.8855257034 -170.397964478 -137.020004272 0.422952498405 29630.0 28878.0 0.748
-14.8916902542 -170.319656372 -137.055007935 0.426859004895 29992.0 29977.0 0.52
-14.9131031036 -170.211380005 -137.096038818 0.432793297724 28900.0 29992.0 0.204
-14.9166383743 -170.200820923 -137.103988647 0.433633766329 28900.0 28621.0 0.136
-14.9197559357 -170.178253174 -137.121612549 0.434569163338 24555.0 24555.0 0.0
-14.9701185226 -169.953796387 -137.170028687 0.439671301702 31496.0 31496.0 0.0
-14.9792480469 -169.928482056 -137.166793823 0.440593958814 29973.0 29079.0 0.112
-15.0113039017 -169.804138184 -137.179016113 0.438799062584 30396.0 30396.0 0.0
-15.0214958191 -169.740493774 -137.186721802 0.444577315907 31798.0 31798.0 0.0
-15.071105957 -169.620071411 -137.184112549 0.445409513618 31801.0 31801.0 0.0
-15.0868368149 -169.572067261 -137.182739258 0.446855648514 31802.0 30360.0 0.168
-15.1234588623 -169.478149414 -137.200973511 0.44750635629 29585.0 29585.0 0.0
-15.2270708084 -169.226669312 -137.183227539 0.457073087853 32166.0 32166.0 0.0
-15.227060318 -169.226074219 -137.182876587 0.457133044774 30048.0 32165.0 0.984
-15.2519950867 -169.147445679 -137.173934937 0.458253464024 31488.0 30048.0 0.7
-15.299238205 -169.027679443 -137.164031982 0.458846079137 31488.0 10941.0 0.964
-15.3117198944 -168.948913574 -137.157699585 0.466218576702 32392.0 32392.0 0.0
-15.404759407 -168.708175659 -137.103424072 0.479434961771 30350.0 30350.0 0.0
-15.4047641754 -168.708114624 -137.103424072 0.47943724065 31088.0 30350.0 0.996
-15.4058856964 -168.694488525 -137.10218811 0.480004681495 31088.0 31088.0 0.0
-15.4208707809 -168.616149902 -137.088165283 0.481191205619 32415.0 31144.0 0.992
-15.4698581696 -168.477310181 -137.036941528 0.492844267169 32142.0 32142.0 0.0
-15.5123739243 -168.323104858 -136.997467041 0.511194728481 32870.0 32870.0 0.0
-15.5141963959 -168.313796997 -136.994110107 0.511559479212 32871.0 32168.0 0.08
-15.5753383636 -168.134872437 -136.946243286 0.533578089322 33148.0 33148.0 0.0
-15.5753660202 -168.134811401 -136.946212769 0.533588739895 33146.0 33148.0 0.996
-15.5822582245 -168.120162964 -136.937179565 0.536240732534 33146.0 33146.0 0.0
-15.5928354263 -168.093719482 -136.924926758 0.539249110907 33141.0 33144.0 0.696
-15.6029129028 -168.047729492 -136.907852173 0.540282033464 31519.0 33141.0 0.78
-15.614531517 -167.978027344 -136.886657715 0.542597431629 32427.0 32437.0 0.596
-15.6239757538 -167.94984436 -136.876953125 0.545173866506 31287.0 32427.0 0.7
-15.6584091187 -167.852462769 -136.842773438 0.553895751965 31287.0 32661.0 0.624
-15.6634073257 -167.840759277 -136.8359375 0.555266437286 32661.0 32661.0 0.0
-15.6707963943 -167.824691772 -136.825668335 0.557670219429 32394.0 10457.0 0.056
-15.7090263367 -167.742126465 -136.795425415 0.559865084923 31847.0 10457.0 0.116
-15.7126913071 -167.733276367 -136.79246521 0.56008408566 31847.0 31847.0 0.0
-15.7326726913 -167.669830322 -136.771530151 0.566220228117 33391.0 33391.0 0.0
-15.7846431732 -167.547714233 -136.72328186 0.566326470166 33167.0 33654.0 0.572
-15.8099431992 -167.496673584 -136.69883728 0.569576134368 32656.0 33654.0 0.064
-15.8119802475 -167.493240356 -136.697967529 0.569537155775 32656.0 33174.0 0.1
-15.8472766876 -167.418380737 -136.67376709 0.56500061197 33668.0 33175.0 0.716
-15.8838043213 -167.335159302 -136.640258789 0.567797778877 31693.0 31693.0 0.0
-15.8983325958 -167.295959473 -136.619918823 0.569931147747 31179.0 31179.0 0.0
-15.9052028656 -167.267990112 -136.602584839 0.569581706146 32158.0 32675.0 0.892
-15.9802894592 -167.064971924 -136.525421143 0.569934506659 33968.0 30772.0 0.16
-15.9989957809 -166.995620728 -136.483963013 0.576598114079 33958.0 33958.0 0.0
-16.0063667297 -166.962631226 -136.471572876 0.57905466983 32890.0 34208.0 0.292
-16.015253067 -166.914276123 -136.454299927 0.58395593449 9130.0 34208.0 0.724
-16.0360012054 -166.845443726 -136.429748535 0.592989289402 34238.0 33164.0 0.204
-16.0382328033 -166.832946777 -136.424819946 0.59427800365 34239.0 34238.0 0.612
-16.0421028137 -166.816085815 -136.415664673 0.595666001031 34239.0 34239.0 0.0
-16.0430908203 -166.810943604 -136.413406372 0.596052565764 33210.0 34482.0 0.976
-16.0640544891 -166.712036133 -136.376556396 0.603188679058 32889.0 32889.0 0.0
-16.0706672668 -166.676071167 -136.361236572 0.618565175049 34787.0 10448.0 0.004
-17.0140075684 -163.031967163 -135.026306152 4.03239562988 34784.0 34784.0 0.0
