X Y Z MaximumInscribedSphereRadius EdgeArray0 EdgeArray1 EdgePCoordArray
9.80444335938 -159.690048218 -213.300811768 0.599561800691 132526.0 132526.0 0.0
9.86145877838 -159.734832764 -213.295410156 0.599002370018 96333.0 96333.0 0.0
9.9006319046 -159.774780273 -213.290802002 0.600526208044 62643.0 44553.0 0.912
9.91606235504 -159.789855957 -213.287277222 0.600519202172 44553.0 59871.0 0.308
9.94668769836 -159.815826416 -213.284896851 0.60076983611 66835.0 66835.0 0.0
10.0627393723 -159.921310425 -213.272415161 0.599718392765 96303.0 953.0 0.264
10.0874481201 -159.939437866 -213.266983032 0.599537555961 957.0 66831.0 0.096
10.2189769745 -160.046524048 -213.266357422 0.602769642047 80863.0 80863.0 0.0
10.2458610535 -160.066390991 -213.271255493 0.60370695647 92015.0 92015.0 0.0
10.3406410217 -160.147201538 -213.266372681 0.606309233172 95592.0 87341.0 0.356
10.3745241165 -160.180664062 -213.267089844 0.609651122754 87341.0 25116.0 0.676
10.3946485519 -160.19770813 -213.266387939 0.610768616872 25116.0 80445.0 0.412
10.4278450012 -160.222717285 -213.263275146 0.61187831546 48571.0 80445.0 0.416
10.4957265854 -160.279571533 -213.260375977 0.617392120277 64320.0 64320.0 0.0
10.5560121536 -160.332168579 -213.267181396 0.626499642479 60203.0 80079.0 0.164
10.5674953461 -160.341156006 -213.267868042 0.627804778584 60203.0 45827.0 0.276
10.6134967804 -160.385848999 -213.272674561 0.633041597554 109647.0 60210.0 0.7
10.6887674332 -160.454116821 -213.2684021 0.64590090729 109648.0 109648.0 0.0
10.7396430969 -160.495620728 -213.26890564 0.653326746068 94388.0 94388.0 0.0
10.7737054825 -160.527328491 -213.270248413 0.658116512208 94391.0 94391.0 0.0
10.7741298676 -160.527679443 -213.270248413 0.65817399124 94389.0 94391.0 0.984
10.8002347946 -160.549636841 -213.269989014 0.661708951672 94389.0 94389.0 0.0
10.8635730743 -160.616271973 -213.264221191 0.67516049828 94381.0 94381.0 0.0
10.9236497879 -160.681793213 -213.260299683 0.686674370589 70763.0 70762.0 0.736
10.9445486069 -160.703231812 -213.259811401 0.690612498947 70762.0 70762.0 0.0
11.0041894913 -160.756896973 -213.255218506 0.706328227867 94396.0 94382.0 0.08
11.0090475082 -160.762374878 -213.255126953 0.707244777096 94396.0 88809.0 0.208
11.0338640213 -160.795074463 -213.249160767 0.71074012601 66748.0 70757.0 0.168
11.0391464233 -160.802841187 -213.248596191 0.711075570854 91032.0 66748.0 0.66
11.0520210266 -160.816818237 -213.249099731 0.712201103213 91032.0 91032.0 0.0
11.0521593094 -160.816986084 -213.24911499 0.712208848806 91033.0 91032.0 0.992
11.0692958832 -160.837554932 -213.250915527 0.713169302309 91033.0 91033.0 0.0
11.094836235 -160.870819092 -213.255081177 0.714638321185 66466.0 66466.0 0.0
11.1461629868 -160.948913574 -213.251983643 0.71692304937 88795.0 88795.0 0.0
11.2211170197 -161.071838379 -213.255844116 0.712729981844 60713.0 60713.0 0.0
11.2617177963 -161.12071228 -213.266571045 0.718364863427 90629.0 90629.0 0.0
11.2903718948 -161.167190552 -213.278457642 0.717140728583 70767.0 1214.0 0.032
11.2957277298 -161.175445557 -213.279830933 0.716939191201 60714.0 70767.0 0.892
11.3294467926 -161.245346069 -213.285217285 0.711054750296 60709.0 60709.0 0.0
11.3528308868 -161.288894653 -213.288253784 0.707423122094 30326.0 30326.0 0.0
11.3910970688 -161.401977539 -213.299484253 0.694999881811 36174.0 36174.0 0.0
11.4402170181 -161.51499939 -213.332046509 0.672781738872 85794.0 85794.0 0.0
11.4911432266 -161.667785645 -213.352676392 0.653479346223 85798.0 85798.0 0.0
11.4955511093 -161.681671143 -213.356063843 0.652569669405 74417.0 85801.0 0.072
11.5211400986 -161.789840698 -213.378112793 0.647225444045 51319.0 91960.0 0.852
11.5648651123 -161.890640259 -213.408721924 0.643616094763 73260.0 91462.0 0.736
11.5794811249 -161.93006897 -213.423034668 0.642833829628 36173.0 36173.0 0.0
11.6449689865 -162.105316162 -213.466674805 0.648527882076 71531.0 71531.0 0.0
11.6753883362 -162.17225647 -213.4793396 0.653640042353 90983.0 90983.0 0.0
11.6883449554 -162.211730957 -213.486434937 0.656041094213 71532.0 71532.0 0.0
11.6915493011 -162.220718384 -213.488571167 0.655627459936 90965.0 90965.0 0.0
11.7414283752 -162.388427734 -213.528396606 0.664914118434 80091.0 8363.0 0.064
11.7560167313 -162.425064087 -213.535491943 0.669824144888 80091.0 87691.0 0.66
11.7641849518 -162.446792603 -213.540588379 0.672486968152 87695.0 87691.0 0.22
11.7660493851 -162.453948975 -213.542236328 0.673004084817 87709.0 87695.0 0.668
11.7691783905 -162.465240479 -213.545288086 0.673852812837 87709.0 87709.0 0.0
11.7822532654 -162.507522583 -213.555343628 0.677494750627 64868.0 80082.0 0.932
11.7920274734 -162.536209106 -213.565338135 0.681949844239 64868.0 64868.0 0.0
11.8094787598 -162.571594238 -213.578842163 0.685448620459 90056.0 90056.0 0.0
11.8435268402 -162.676345825 -213.619522095 0.69340671956 58860.0 58860.0 0.0
11.8805179596 -162.760894775 -213.646697998 0.70417310889 89619.0 89619.0 0.0
11.8972473145 -162.842483521 -213.680831909 0.706398573308 24852.0 89178.0 0.072
11.8981990814 -162.846176147 -213.682281494 0.706535463065 24852.0 74969.0 0.048
11.9398021698 -162.950241089 -213.750549316 0.710560813381 5493.0 5493.0 0.0
11.9569702148 -163.030319214 -213.80758667 0.714729571147 86940.0 83719.0 0.076
11.9856700897 -163.118530273 -213.859634399 0.723852585178 79247.0 86943.0 0.936
11.9888019562 -163.138214111 -213.874572754 0.724469344939 86944.0 86941.0 0.552
11.992442131 -163.1590271 -213.886810303 0.725513998677 45962.0 86941.0 0.924
12.0378856659 -163.32649231 -213.969970703 0.744883828817 83723.0 83723.0 0.0
12.0507211685 -163.35987854 -213.985931396 0.751386956481 83724.0 67446.0 0.236
12.0588283539 -163.388412476 -214.00012207 0.755977248293 89072.0 83724.0 0.492
12.0652675629 -163.414276123 -214.010375977 0.760004253806 89073.0 1787.0 0.084
12.0655002594 -163.41494751 -214.010650635 0.760087407446 89073.0 89076.0 0.088
12.090880394 -163.515853882 -214.051589966 0.77073939398 89071.0 89065.0 0.864
12.1006202698 -163.564849854 -214.073059082 0.777913950929 88347.0 88347.0 0.0
12.1010084152 -163.569152832 -214.074234009 0.778480643328 88348.0 83729.0 0.036
12.1066913605 -163.636642456 -214.087997437 0.788620964301 83729.0 83729.0 0.0
12.1067619324 -163.636962891 -214.088104248 0.788654814161 88672.0 83729.0 0.992
12.1155347824 -163.676773071 -214.100418091 0.792852196895 88672.0 88672.0 0.0
12.1194410324 -163.698181152 -214.108642578 0.79481436125 88675.0 88671.0 0.9
12.125125885 -163.721115112 -214.11769104 0.79642104344 88675.0 88674.0 0.356
12.1285448074 -163.735641479 -214.1224823 0.797541255988 88674.0 88674.0 0.0
12.1351242065 -163.772857666 -214.135620117 0.799883563558 7718.0 85939.0 0.92
12.1365861893 -163.784332275 -214.139724731 0.801066625091 85939.0 85938.0 0.1
12.1478328705 -163.876831055 -214.166732788 0.81077630548 85938.0 85938.0 0.0
12.1487092972 -163.887145996 -214.17024231 0.812258766482 85727.0 85728.0 0.976
12.1513023376 -163.905944824 -214.177032471 0.814619029171 85711.0 85727.0 0.792
12.1534986496 -163.919998169 -214.181274414 0.816135447073 3959.0 85711.0 0.636
12.1572265625 -163.937561035 -214.186645508 0.817508660334 87576.0 3959.0 0.448
12.1587200165 -163.94593811 -214.188812256 0.818051148044 87576.0 87577.0 0.228
12.1601400375 -163.956817627 -214.192077637 0.818403186801 87577.0 85696.0 0.08
12.1638250351 -163.990188599 -214.203094482 0.819299551464 52035.0 85696.0 0.144
12.1639347076 -163.990936279 -214.203369141 0.819317738491 52035.0 52035.0 0.0
12.1861667633 -164.126022339 -214.268356323 0.823314995388 57179.0 57179.0 0.0
12.2048988342 -164.188842773 -214.296112061 0.82617441374 87971.0 87647.0 0.036
12.2061767578 -164.195663452 -214.299514771 0.826329811987 85688.0 87971.0 0.912
12.214881897 -164.266494751 -214.326751709 0.828028681244 85688.0 85688.0 0.0
12.2174739838 -164.275482178 -214.330612183 0.828216053048 87966.0 15142.0 0.904
12.2395677567 -164.355926514 -214.361053467 0.829410445726 28655.0 87966.0 0.832
12.2530736923 -164.428222656 -214.390365601 0.832130605217 87965.0 87965.0 0.0
12.2685194016 -164.541870117 -214.435150146 0.842377926983 12734.0 12734.0 0.0
12.2743005753 -164.573760986 -214.444107056 0.8450141986 86758.0 86758.0 0.0
12.2765331268 -164.585449219 -214.4480896 0.845481251717 84264.0 87189.0 0.952
12.2943887711 -164.751617432 -214.501144409 0.858968455344 87182.0 87182.0 0.0
12.3067903519 -164.80619812 -214.517837524 0.865722642659 87177.0 87177.0 0.0
12.306977272 -164.807266235 -214.518203735 0.86585626922 84265.0 87177.0 0.972
12.3134632111 -164.844223022 -214.531143188 0.870495019843 84265.0 84265.0 0.0
12.3193912506 -164.8984375 -214.547927856 0.877319504765 54445.0 64687.0 0.008
12.3194723129 -164.898910522 -214.548019409 0.877349761507 54445.0 34178.0 0.008
12.3290500641 -164.942123413 -214.558135986 0.879610887581 34178.0 34178.0 0.0
12.3291015625 -164.942382812 -214.558197021 0.879634918068 83733.0 34178.0 0.996
12.3419075012 -165.007461548 -214.575180054 0.885618509242 83733.0 83733.0 0.0
12.3419189453 -165.007537842 -214.575195312 0.885626659997 83737.0 83733.0 0.996
12.3447990417 -165.02507019 -214.579071045 0.887656198113 83737.0 83737.0 0.0
12.3566007614 -165.09197998 -214.596496582 0.896436520003 83738.0 26349.0 0.372
12.3631649017 -165.112716675 -214.602798462 0.898692703307 26349.0 558.0 0.008
12.3745355606 -165.267333984 -214.653045654 0.896363268641 81289.0 81289.0 0.0
12.3887805939 -165.336334229 -214.673141479 0.900602143034 64969.0 64969.0 0.0
12.388628006 -165.429336548 -214.708267212 0.893142255841 83432.0 64973.0 0.028
12.3939552307 -165.510452271 -214.742263794 0.890269524455 25999.0 25999.0 0.0
12.3969106674 -165.537338257 -214.75642395 0.88869357341 83496.0 65068.0 0.528
12.4011116028 -165.561004639 -214.769180298 0.886797086742 83498.0 65068.0 0.444
12.394610405 -165.717437744 -214.855255127 0.862586781849 83404.0 83404.0 0.0
12.391992569 -165.861694336 -214.936126709 0.844306217079 83399.0 83399.0 0.0
12.389875412 -165.883453369 -214.945266724 0.841537108601 2838.0 41232.0 0.9
12.3796749115 -166.015335083 -215.024047852 0.817920678186 82730.0 83096.0 0.392
12.3793907166 -166.056762695 -215.055953979 0.809183529315 8381.0 82729.0 0.556
12.3460903168 -166.223266602 -215.166107178 0.780304860395 22467.0 22467.0 0.0
12.3450317383 -166.245834351 -215.179473877 0.776250086601 82725.0 82726.0 0.096
12.3418560028 -166.309524536 -215.223083496 0.763556398839 82680.0 82680.0 0.0
12.329829216 -166.452301025 -215.304534912 0.746215738826 82683.0 82683.0 0.0
12.3259325027 -166.487915039 -215.321472168 0.740951617775 82434.0 79026.0 0.116
12.2916984558 -166.670425415 -215.430145264 0.733669572838 82011.0 82011.0 0.0
12.2892723083 -166.678726196 -215.433807373 0.733644980049 25030.0 82010.0 0.932
12.28332901 -166.702392578 -215.441741943 0.731815747903 20516.0 20516.0 0.0
12.264456749 -166.813095093 -215.496429443 0.718895535603 81395.0 82189.0 0.368
12.2518320084 -166.901580811 -215.53112793 0.7154980709 51007.0 81395.0 0.192
12.2501354218 -166.919448853 -215.537490845 0.714709063549 51007.0 45705.0 0.352
12.2309741974 -167.019989014 -215.590896606 0.710274607087 45715.0 81659.0 0.276
12.2197246552 -167.08380127 -215.612823486 0.708341548303 81659.0 81657.0 0.552
12.2003488541 -167.185272217 -215.655212402 0.706252454386 81657.0 81370.0 0.812
12.1975688934 -167.200241089 -215.662063599 0.706601221104 25028.0 81370.0 0.552
12.194065094 -167.224990845 -215.67640686 0.706398496464 27677.0 28709.0 0.608
12.1922054291 -167.238830566 -215.68309021 0.705773619973 81056.0 28709.0 0.796
12.1822490692 -167.401473999 -215.744903564 0.709023761832 20003.0 20003.0 0.0
12.1747665405 -167.435882568 -215.765365601 0.709274269099 22571.0 56466.0 0.968
12.174489975 -167.437240601 -215.765975952 0.709264707861 22073.0 56466.0 0.992
12.1638221741 -167.58215332 -215.820709229 0.710677990613 22570.0 22570.0 0.0
12.1455936432 -167.735534668 -215.878723145 0.70744363919 44919.0 44919.0 0.0
12.1468544006 -167.77305603 -215.892242432 0.70874590231 78908.0 78910.0 0.928
12.146905899 -167.773910522 -215.89263916 0.708726389729 78910.0 78909.0 0.036
12.1199035645 -167.921401978 -215.952575684 0.694919193391 79879.0 79879.0 0.0
12.1176433563 -168.000854492 -215.985092163 0.696192621616 79876.0 79876.0 0.0
12.099527359 -168.117721558 -216.029998779 0.693628971693 69176.0 44933.0 0.652
12.0984268188 -168.124023438 -216.032043457 0.693626286707 22566.0 31843.0 0.596
12.0922040939 -168.201034546 -216.068786621 0.687736873936 16622.0 79863.0 0.524
12.0898332596 -168.218978882 -216.076263428 0.686612157045 79867.0 37495.0 0.54
12.0673904419 -168.331924438 -216.1199646 0.682786036466 66327.0 18381.0 0.192
12.065536499 -168.421859741 -216.16178894 0.680811366774 78975.0 69679.0 0.48
12.062458992 -168.528167725 -216.196395874 0.679768032428 79647.0 79647.0 0.0
12.0615644455 -168.539962769 -216.200698853 0.679897884354 69683.0 78976.0 0.564
12.0581998825 -168.561431885 -216.208724976 0.679425424349 69681.0 79640.0 0.524
12.0542802811 -168.606964111 -216.223800659 0.677396707879 65102.0 65102.0 0.0
12.0542802811 -168.607131958 -216.223861694 0.677387752945 65101.0 65102.0 0.996
12.0541858673 -168.647140503 -216.238357544 0.675157974371 65101.0 65101.0 0.0
12.0529384613 -168.66758728 -216.24520874 0.673990672355 77907.0 77907.0 0.0
12.04159832 -168.809341431 -216.296188354 0.673628133942 39093.0 39093.0 0.0
12.0415754318 -168.809494019 -216.296234131 0.673635081169 38104.0 39093.0 0.992
12.0386991501 -168.827713013 -216.302047729 0.674496537351 38104.0 38104.0 0.0
12.0386810303 -168.860549927 -216.312332153 0.672307715428 77908.0 77908.0 0.0
12.0325231552 -168.990112305 -216.345413208 0.67135417219 79240.0 79240.0 0.0
12.0318717957 -168.99432373 -216.346405029 0.67110852205 34144.0 73113.0 0.016
12.0238723755 -169.102127075 -216.377639771 0.66345643944 71757.0 71757.0 0.0
12.014090538 -169.207244873 -216.401031494 0.668332636747 72071.0 72071.0 0.0
12.0139913559 -169.208984375 -216.401321411 0.668215904917 78346.0 78344.0 0.044
12.0139989853 -169.212661743 -216.402114868 0.667885519674 78347.0 78345.0 0.06
11.9923343658 -169.349029541 -216.438186646 0.663967096822 71758.0 71758.0 0.0
11.9894866943 -169.384628296 -216.449401855 0.665450919776 59349.0 76953.0 0.032
11.986702919 -169.423706055 -216.455505371 0.665358805431 76951.0 76951.0 0.0
11.9694356918 -169.520553589 -216.480209351 0.664562026798 58547.0 58547.0 0.0
11.9694070816 -169.520736694 -216.480239868 0.664561952905 58552.0 58547.0 0.976
11.9682312012 -169.528015137 -216.481323242 0.664558947924 58552.0 58552.0 0.0
11.9410171509 -169.697616577 -216.527893066 0.668583941599 59357.0 59357.0 0.0
11.9409313202 -169.697875977 -216.52796936 0.668625889032 59355.0 59357.0 0.996
11.9196386337 -169.762786865 -216.546035767 0.679070799779 59355.0 59355.0 0.0
11.9176025391 -169.775192261 -216.549545288 0.679941793157 76933.0 76935.0 0.756
11.9165229797 -169.78112793 -216.55090332 0.68010671865 76935.0 76934.0 0.576
11.9146242142 -169.792648315 -216.553817749 0.680324466771 76934.0 59354.0 0.088
11.9075288773 -169.83543396 -216.567153931 0.680195623474 59353.0 59353.0 0.0
11.8709192276 -170.017318726 -216.598358154 0.687030980992 23596.0 77372.0 0.764
11.869140625 -170.027542114 -216.60144043 0.687661447153 19339.0 77376.0 0.664
11.8569545746 -170.087783813 -216.610137939 0.685378068488 76884.0 63180.0 0.548
11.8354167938 -170.193908691 -216.635055542 0.685718125833 76349.0 76349.0 0.0
11.8352565765 -170.194442749 -216.635147095 0.685724974628 76869.0 76349.0 0.976
11.8287391663 -170.216445923 -216.638595581 0.686003492285 76869.0 76869.0 0.0
11.8151979446 -170.293411255 -216.650024414 0.684028588366 4228.0 4228.0 0.0
11.8079624176 -170.328094482 -216.655944824 0.682897060811 75455.0 74357.0 0.664
11.784702301 -170.404907227 -216.670516968 0.680569690971 4935.0 4935.0 0.0
11.7692604065 -170.478713989 -216.682098389 0.680859439982 73618.0 73618.0 0.0
11.7518148422 -170.544387817 -216.695388794 0.674865213105 75453.0 75453.0 0.0
11.7251977921 -170.651763916 -216.710800171 0.672500108214 75345.0 75345.0 0.0
11.7186956406 -170.682312012 -216.715316772 0.671148777202 75360.0 74367.0 0.156
11.6972389221 -170.751983643 -216.727859497 0.666036349361 75350.0 75350.0 0.0
11.6624937057 -170.882446289 -216.73866272 0.657168686111 73631.0 73631.0 0.0
11.6556310654 -170.910598755 -216.740020752 0.65422721815 74278.0 74262.0 0.788
11.6311769485 -170.982589722 -216.744918823 0.645594994389 74275.0 74280.0 0.94
11.6283245087 -170.989501953 -216.745223999 0.644805601507 73470.0 74280.0 0.804
11.6003522873 -171.088241577 -216.748657227 0.630084575061 73468.0 73468.0 0.0
11.547712326 -171.232116699 -216.775878906 0.620698173233 72159.0 72159.0 0.0
11.5347452164 -171.274642944 -216.79208374 0.616688110766 71385.0 71385.0 0.0
11.4636507034 -171.46182251 -216.817428589 0.604072511937 71391.0 71391.0 0.0
11.4595661163 -171.481216431 -216.82232666 0.603391708 21951.0 72856.0 0.756
11.3846740723 -171.667800903 -216.851837158 0.593110561498 45539.0 45539.0 0.0
11.3677501678 -171.694000244 -216.858505249 0.5931624146 70521.0 69705.0 0.736
11.3381490707 -171.764343262 -216.87512207 0.591632477178 69708.0 69705.0 0.476
11.3019895554 -171.844604492 -216.893341064 0.589283679706 70527.0 70527.0 0.0
11.2916154861 -171.874145508 -216.895217896 0.587532584476 66655.0 21948.0 0.036
11.2428865433 -171.978408813 -216.899291992 0.583939641439 69658.0 70462.0 0.996
11.2269630432 -172.018417358 -216.903808594 0.584984944236 43485.0 70458.0 0.864
11.2029266357 -172.061676025 -216.914230347 0.585724213277 68930.0 68930.0 0.0
11.1485776901 -172.164001465 -216.93536377 0.579927027938 69698.0 69698.0 0.0
11.0331783295 -172.383453369 -216.95274353 0.578176579129 69668.0 69668.0 0.0
11.0018815994 -172.434921265 -216.953186035 0.583016143305 22584.0 22584.0 0.0
10.9375638962 -172.566055298 -216.962142944 0.586590960705 68229.0 68229.0 0.0
10.9373989105 -172.566314697 -216.962173462 0.58661459356 68230.0 68229.0 0.992
10.9169940948 -172.598342896 -216.965881348 0.589545067643 68230.0 68230.0 0.0
10.9060287476 -172.613388062 -216.968215942 0.590803767911 33327.0 49792.0 0.084
10.8823347092 -172.654968262 -216.972320557 0.591137549197 67468.0 67469.0 0.416
10.8721456528 -172.669540405 -216.973114014 0.590626120933 66019.0 66019.0 0.0
10.7907600403 -172.779983521 -216.985366821 0.585811276044 67483.0 67483.0 0.0
10.7414684296 -172.864822388 -216.995986938 0.59153014633 67472.0 67472.0 0.0
10.7414598465 -172.864837646 -216.995986938 0.591530488663 65983.0 67472.0 0.996
10.7393732071 -172.869674683 -216.996871948 0.591615729558 65983.0 65983.0 0.0
10.6454715729 -173.011306763 -217.017547607 0.588929228129 66702.0 66702.0 0.0
10.6371002197 -173.027389526 -217.019866943 0.58825083316 5190.0 66701.0 0.96
10.543340683 -173.15512085 -217.040084839 0.582721184344 37709.0 65195.0 0.64
10.4904603958 -173.211502075 -217.044067383 0.583722590847 12780.0 46911.0 0.268
10.4726734161 -173.233215332 -217.045593262 0.584887881428 61565.0 63337.0 0.304
10.4314260483 -173.295669556 -217.053863525 0.586750899532 34313.0 64345.0 0.484
10.3825263977 -173.343551636 -217.054840088 0.58104398078 64326.0 64326.0 0.0
10.2722473145 -173.486923218 -217.071136475 0.580988045669 63336.0 62490.0 0.78
10.1957111359 -173.570907593 -217.069992065 0.590065939419 62530.0 62530.0 0.0
10.1833028793 -173.582229614 -217.070205688 0.59033138829 62525.0 62525.0 0.0
10.0541505814 -173.723312378 -217.057128906 0.593732020049 14981.0 14981.0 0.0
10.0533256531 -173.724639893 -217.057037354 0.593818170632 61611.0 61610.0 0.012
9.93212985992 -173.854629517 -217.056900024 0.599804214733 60666.0 60666.0 0.0
9.84898853302 -173.91897583 -217.044204712 0.608475577077 60700.0 60702.0 0.8
9.84164428711 -173.925537109 -217.043609619 0.60929015227 60701.0 60700.0 0.088
9.83557510376 -173.932159424 -217.042678833 0.609412206683 60701.0 2273.0 0.224
9.81517791748 -173.951950073 -217.038726807 0.609273887691 2273.0 59875.0 0.292
9.69900894165 -174.042907715 -217.017486572 0.617338271158 59830.0 59830.0 0.0
9.63819313049 -174.086868286 -216.994033813 0.623924156215 59089.0 5792.0 0.312
9.60734462738 -174.11088562 -216.986129761 0.627140204055 59059.0 59059.0 0.0
9.51200675964 -174.164855957 -216.965682983 0.626285706826 59942.0 59942.0 0.0
9.41778373718 -174.223205566 -216.957504272 0.637282588225 59945.0 59945.0 0.0
9.41688346863 -174.22366333 -216.957382202 0.63739115935 59948.0 59945.0 0.964
9.392786026 -174.235748291 -216.954071045 0.640298452817 59948.0 59948.0 0.0
9.29751873016 -174.276443481 -216.919204712 0.646622810968 59947.0 57950.0 0.832
9.28535079956 -174.281509399 -216.914657593 0.647657027086 8920.0 57950.0 0.94
9.24876594543 -174.29107666 -216.905975342 0.652240005047 57366.0 57366.0 0.0
9.0949716568 -174.355697632 -216.84715271 0.662230000845 56928.0 56928.0 0.0
9.08936023712 -174.357177734 -216.844665527 0.663117866093 56931.0 56934.0 0.952
8.98412036896 -174.384811401 -216.791305542 0.679158217891 56931.0 56931.0 0.0
8.96643638611 -174.390823364 -216.783233643 0.682702116528 58586.0 58586.0 0.0
8.8880443573 -174.421218872 -216.748306274 0.689010956337 56898.0 56452.0 0.94
8.8828496933 -174.422988892 -216.746063232 0.689654730052 53363.0 56452.0 0.98
8.77084255219 -174.458465576 -216.709716797 0.711446352058 56910.0 56910.0 0.0
8.71176433563 -174.469680786 -216.690048218 0.725381460969 56909.0 56905.0 0.672
8.6522436142 -174.477050781 -216.658828735 0.73812894571 53362.0 53362.0 0.0
8.52062988281 -174.522155762 -216.599945068 0.769574625379 50817.0 10114.0 0.14
8.49067497253 -174.529663086 -216.58883667 0.77844627959 12772.0 55948.0 0.148
8.40177440643 -174.544570923 -216.538970947 0.805222774635 55948.0 55948.0 0.0
8.35129833221 -174.561935425 -216.50604248 0.819267274034 57341.0 57341.0 0.0
8.22607326508 -174.589202881 -216.436767578 0.853688284131 58434.0 58434.0 0.0
8.22479248047 -174.589477539 -216.435806274 0.85414424064 55970.0 58434.0 0.976
8.17272472382 -174.600845337 -216.39666748 0.872686472026 55970.0 55970.0 0.0
8.06839370728 -174.633468628 -216.300765991 0.915075956751 60794.0 60794.0 0.0
7.96621322632 -174.653060913 -216.211395264 0.963061746798 60792.0 60792.0 0.0
7.95744419098 -174.654708862 -216.201766968 0.967377687359 61685.0 60909.0 0.48
7.94278478622 -174.658218384 -216.185409546 0.974584235548 61698.0 60909.0 0.38
7.9383893013 -174.658706665 -216.179611206 0.97665583772 61698.0 61698.0 0.0
7.93825674057 -174.658721924 -216.179473877 0.976713398317 61699.0 61698.0 0.984
7.93010568619 -174.659927368 -216.170578003 0.980253375025 61699.0 61699.0 0.0
7.92871904373 -174.660171509 -216.169250488 0.98090111746 53714.0 61699.0 0.98
7.86077260971 -174.671859741 -216.104232788 1.01264049679 53714.0 53714.0 0.0
7.86051893234 -174.671920776 -216.103988647 1.01277960593 60906.0 53714.0 0.996
7.79737186432 -174.685317993 -216.042434692 1.04741778208 60906.0 60906.0 0.0
7.73980569839 -174.703125 -215.984146118 1.08077399701 57324.0 2254.0 0.036
7.72322368622 -174.708938599 -215.974029541 1.0889287659 2254.0 2254.0 0.0
7.71280574799 -174.711532593 -215.967041016 1.09358475254 57203.0 58412.0 0.004
7.67585611343 -174.720428467 -215.935745239 1.10782307115 58412.0 58414.0 0.076
7.63136434555 -174.733352661 -215.899032593 1.12491955615 58414.0 48296.0 0.788
7.5539765358 -174.76499939 -215.808837891 1.15281924771 149271.0 149273.0 0.896
7.55124807358 -174.76739502 -215.804229736 1.15339554117 149272.0 149273.0 0.836
7.43536806107 -174.818740845 -215.646377563 1.19979920026 60641.0 59032.0 0.58
7.41405057907 -174.834625244 -215.610809326 1.20826514105 54476.0 59026.0 0.304
7.3972325325 -174.843978882 -215.583938599 1.21256300965 21331.0 55011.0 0.472
7.37733697891 -174.845596313 -215.558853149 1.21857537556 39836.0 59033.0 0.356
7.34880495071 -174.847518921 -215.509094238 1.22269751514 58410.0 55005.0 0.344
7.27787017822 -174.855667114 -215.401153564 1.23627684334 21336.0 21336.0 0.0
7.25735473633 -174.856842041 -215.363143921 1.2393848918 55042.0 55043.0 0.156
7.21472215652 -174.8568573 -215.302856445 1.24420692861 59755.0 59751.0 0.868
7.20250511169 -174.856460571 -215.282791138 1.24506841452 59751.0 4813.0 0.608
7.19806575775 -174.858444214 -215.270889282 1.24508087442 4813.0 48356.0 0.068
7.13065385818 -174.886398315 -215.124938965 1.249082293 60597.0 60597.0 0.0
7.11216878891 -174.91633606 -215.044769287 1.25169713505 10102.0 10102.0 0.0
7.11068582535 -174.920715332 -215.033447266 1.25209350314 51496.0 60567.0 0.192
7.10576105118 -174.924591064 -215.017883301 1.25189292933 60567.0 58733.0 0.032
6.99819993973 -175.001586914 -214.746231079 1.26497334513 61488.0 61506.0 0.188
6.98928308487 -175.004318237 -214.724227905 1.26583598069 61488.0 61507.0 0.884
6.98781442642 -175.004852295 -214.720825195 1.26595650524 61495.0 61507.0 0.968
6.96396541595 -175.018447876 -214.663589478 1.26733708629 61490.0 61489.0 0.656
6.93788766861 -175.030303955 -214.591049194 1.26655592675 61486.0 61485.0 0.804
6.92732810974 -175.033447266 -214.54989624 1.26351393069 63198.0 63195.0 0.16
6.91701412201 -175.036651611 -214.518890381 1.260425673 61492.0 63197.0 0.856
6.88397502899 -175.051330566 -214.402297974 1.25326809005 63201.0 63201.0 0.0
6.84005212784 -175.062240601 -214.291809082 1.2465495992 63194.0 59496.0 0.088
6.77374505997 -175.078109741 -214.154983521 1.24364867223 63203.0 63204.0 0.62
6.76076984406 -175.080673218 -214.124359131 1.24359153443 59501.0 59501.0 0.0
6.65950584412 -175.090332031 -213.926071167 1.23364726743 657.0 657.0 0.0
6.65682935715 -175.090332031 -213.921264648 1.23352935932 15616.0 58785.0 0.548
6.61068058014 -175.090698242 -213.845794678 1.2315671182 23035.0 23035.0 0.0
6.55763673782 -175.084503174 -213.774780273 1.22699324006 62212.0 64170.0 0.524
6.51386976242 -175.07862854 -213.722686768 1.22307481478 63160.0 63164.0 0.804
6.50129795074 -175.078048706 -213.711288452 1.22067563228 62213.0 63164.0 0.128
6.49920749664 -175.078094482 -213.709320068 1.22028071085 62213.0 63064.0 0.008
6.33023118973 -175.021896362 -213.519287109 1.19619452092 63069.0 63069.0 0.0
6.32956409454 -175.021743774 -213.518569946 1.1961701219 63068.0 63070.0 0.996
6.20240163803 -174.97618103 -213.379882812 1.19561429363 61628.0 61628.0 0.0
6.01556158066 -174.938262939 -213.198852539 1.21459207079 61313.0 47724.0 0.884
5.99138975143 -174.934127808 -213.178543091 1.21908260886 66624.0 60243.0 0.548
5.96567821503 -174.933761597 -213.159805298 1.2229897133 66624.0 65109.0 0.156
5.95117044449 -174.932952881 -213.146850586 1.22490699276 65109.0 65109.0 0.0
5.89785766602 -174.926895142 -213.102020264 1.23123611229 6506.0 6506.0 0.0
5.81874990463 -174.922332764 -213.01725769 1.23740319236 57434.0 59489.0 0.24
5.8000369072 -174.919464111 -212.996688843 1.23860026082 65713.0 42950.0 0.252
5.75281906128 -174.915679932 -212.942764282 1.24102859858 66615.0 66615.0 0.0
5.72118663788 -174.916442871 -212.899703979 1.24071964027 30066.0 58202.0 0.344
5.69987249374 -174.917236328 -212.868896484 1.24031247318 60230.0 30066.0 0.884
5.62277269363 -174.925247192 -212.747543335 1.24318628841 60415.0 60415.0 0.0
5.60183191299 -174.928359985 -212.717025757 1.24268248494 88752.0 88752.0 0.0
5.57777404785 -174.93132019 -212.682632446 1.24222210599 88755.0 88755.0 0.0
5.50832414627 -174.943893433 -212.574630737 1.23750884689 101112.0 101112.0 0.0
5.49880170822 -174.946670532 -212.556838989 1.23646073879 101117.0 101111.0 0.968
5.42710494995 -174.963760376 -212.403289795 1.23236068178 101118.0 101118.0 0.0
5.42602157593 -174.964035034 -212.401290894 1.23238967715 68188.0 68187.0 0.116
5.41833257675 -174.966674805 -212.38659668 1.23239273682 68195.0 68187.0 0.796
5.38064813614 -174.97869873 -212.311523438 1.23302096244 56240.0 56240.0 0.0
5.38055610657 -174.978729248 -212.311325073 1.23302681209 68905.0 56240.0 0.992
5.36912584305 -174.981948853 -212.286376953 1.23375216848 68905.0 68905.0 0.0
5.35212612152 -174.987106323 -212.255065918 1.23411873785 56237.0 56237.0 0.0
5.35205316544 -174.987121582 -212.25491333 1.23411431957 19746.0 56242.0 0.02
5.27077293396 -175.008117676 -212.089736938 1.23696419783 12626.0 12626.0 0.0
5.26670265198 -175.009811401 -212.080688477 1.23772496605 47153.0 12626.0 0.92
5.21989488602 -175.029327393 -211.976654053 1.24647380057 47153.0 47153.0 0.0
5.2198677063 -175.029342651 -211.976593018 1.24648049411 66370.0 47153.0 0.996
5.2130484581 -175.03288269 -211.963150024 1.24814718661 66370.0 66370.0 0.0
5.21279287338 -175.03302002 -211.962646484 1.24822983819 66369.0 66370.0 0.992
5.18107652664 -175.049545288 -211.89956665 1.25847863371 66369.0 66369.0 0.0
5.17905759811 -175.050231934 -211.895553589 1.25890794231 62996.0 63941.0 0.912
5.16397190094 -175.056671143 -211.864044189 1.26187698563 65644.0 62996.0 0.828
5.12674379349 -175.075683594 -211.7943573 1.26896011741 65644.0 65644.0 0.0
5.11510133743 -175.080795288 -211.77003479 1.27128655609 65662.0 65659.0 0.544
5.10711240768 -175.084564209 -211.751342773 1.27291752503 65662.0 65663.0 0.016
5.08140277863 -175.098632812 -211.698059082 1.27837130106 65663.0 65663.0 0.0
5.0704331398 -175.105163574 -211.678543091 1.28029108871 66355.0 66355.0 0.0
5.02003622055 -175.134552002 -211.596664429 1.2822631759 70446.0 44447.0 0.404
4.98204660416 -175.160568237 -211.533599854 1.28560011053 44447.0 69279.0 0.816
4.97402143478 -175.166534424 -211.519744873 1.28640212494 69278.0 69278.0 0.0
4.9391078949 -175.191848755 -211.4556427 1.28842086768 69283.0 69283.0 0.0
4.89957952499 -175.212982178 -211.389846802 1.28601328746 66385.0 64023.0 0.852
4.89105939865 -175.216033936 -211.37727356 1.28491126961 67788.0 64009.0 0.836
4.80220794678 -175.261245728 -211.267379761 1.26613188804 24978.0 24978.0 0.0
4.72592401505 -175.292724609 -211.184860229 1.25125856834 64933.0 64933.0 0.0
4.72184848785 -175.294784546 -211.178665161 1.25090861013 50387.0 49173.0 0.052
4.61917924881 -175.334640503 -211.071792603 1.22673748671 50388.0 50388.0 0.0
4.60397338867 -175.339309692 -211.057022095 1.22303284512 68548.0 68548.0 0.0
4.55149316788 -175.352981567 -211.012313843 1.20871445278 65671.0 65671.0 0.0
4.47781181335 -175.375061035 -210.945480347 1.18855989796 67170.0 67170.0 0.0
4.46547174454 -175.376968384 -210.933807373 1.18545567632 93193.0 93192.0 0.772
4.44022941589 -175.382339478 -210.914978027 1.17690798657 93191.0 93191.0 0.0
4.33602905273 -175.411148071 -210.839126587 1.14042235292 64885.0 64885.0 0.0
4.25717687607 -175.431808472 -210.795288086 1.1125080041 69309.0 69309.0 0.0
4.21197366714 -175.44291687 -210.768127441 1.09754801983 68358.0 68358.0 0.0
4.03401136398 -175.488433838 -210.662750244 1.03758054376 67942.0 67942.0 0.0
3.98834204674 -175.498718262 -210.635528564 1.02267953548 21411.0 67799.0 0.396
3.9114215374 -175.510192871 -210.586791992 1.00072660318 67175.0 67175.0 0.0
3.84269094467 -175.516098022 -210.53302002 0.98284200171 19448.0 19448.0 0.0
3.67885041237 -175.544616699 -210.421829224 0.949816863181 70808.0 67189.0 0.796
3.65873551369 -175.546936035 -210.404937744 0.946339956024 69293.0 70808.0 0.288
3.50236773491 -175.575134277 -210.297241211 0.926715288765 70269.0 70269.0 0.0
3.40319871902 -175.586532593 -210.223983765 0.919542593911 71816.0 69448.0 0.076
3.39130401611 -175.589553833 -210.214889526 0.918438426098 71818.0 71816.0 0.324
3.38813328743 -175.590209961 -210.212585449 0.918230367087 71818.0 71817.0 0.176
3.21294522285 -175.627075195 -210.10585022 0.915235312984 70175.0 70175.0 0.0
3.2078640461 -175.627593994 -210.103469849 0.915311549742 28960.0 67846.0 0.012
3.05579543114 -175.65776062 -210.014953613 0.915489947523 70160.0 70160.0 0.0
3.0290749073 -175.663528442 -210.003173828 0.915837802429 53509.0 67188.0 0.232
2.96511387825 -175.67616272 -209.966888428 0.914499846101 69322.0 72519.0 0.152
2.85575008392 -175.687026978 -209.909210205 0.917091945868 69323.0 69350.0 0.668
2.8292927742 -175.690826416 -209.89213562 0.917492008398 28757.0 71832.0 0.776
2.66760396957 -175.71131897 -209.81300354 0.920121964557 68568.0 68568.0 0.0
2.63377165794 -175.71685791 -209.795166016 0.922635344761 68569.0 68569.0 0.0
2.56993365288 -175.723007202 -209.762741089 0.92306226936 71034.0 71034.0 0.0
2.56655669212 -175.72366333 -209.761230469 0.923000089203 71047.0 70188.0 0.8
2.55020213127 -175.726272583 -209.755401611 0.922005836336 71047.0 71837.0 0.252
2.44405889511 -175.736160278 -209.716033936 0.920422817941 71049.0 71049.0 0.0
2.43787407875 -175.736450195 -209.71421814 0.920204227968 72381.0 72379.0 0.984
2.33717036247 -175.74067688 -209.675994873 0.916474119164 71046.0 71046.0 0.0
2.33587813377 -175.74067688 -209.675582886 0.916391114558 68592.0 56010.0 0.008
2.26317119598 -175.739196777 -209.646255493 0.911145205736 73098.0 73098.0 0.0
2.21803474426 -175.741012573 -209.631713867 0.909073396792 28036.0 28036.0 0.0
2.21245765686 -175.741394043 -209.629638672 0.908740221304 70027.0 70024.0 0.988
2.15060520172 -175.746307373 -209.603271484 0.904811910576 65393.0 65393.0 0.0
2.00460958481 -175.750228882 -209.55015564 0.895628512455 75127.0 75127.0 0.0
1.9883338213 -175.750045776 -209.544265747 0.893921197479 71848.0 71848.0 0.0
1.80772399902 -175.74911499 -209.488815308 0.878144928563 72576.0 72576.0 0.0
1.79336214066 -175.748672485 -209.482528687 0.877968239299 72578.0 72578.0 0.0
1.5708605051 -175.740356445 -209.404266357 0.867168935256 41969.0 41969.0 0.0
1.52984881401 -175.742660522 -209.391738892 0.86774881191 73366.0 73365.0 0.54
1.50487053394 -175.743255615 -209.384078979 0.868008406711 73366.0 73366.0 0.0
1.45156252384 -175.738677979 -209.363540649 0.865077189682 72385.0 72385.0 0.0
1.35467469692 -175.73878479 -209.333496094 0.865114229359 58050.0 58050.0 0.0
1.28564202785 -175.730804443 -209.308486938 0.861209528391 74979.0 74979.0 0.0
1.13459801674 -175.733688354 -209.256271362 0.861059946601 74982.0 74982.0 0.0
1.02897322178 -175.726913452 -209.221450806 0.864139501798 73179.0 75507.0 0.532
0.977656900883 -175.723861694 -209.201690674 0.866027394334 75507.0 75507.0 0.0
0.958774924278 -175.723434448 -209.195785522 0.867413983389 75505.0 75503.0 0.152
0.912212610245 -175.719451904 -209.182174683 0.870311328703 75503.0 75504.0 0.032
0.865613281727 -175.717758179 -209.164459229 0.871787596064 73983.0 73983.0 0.0
0.820211946964 -175.71446228 -209.148574829 0.874326764024 73272.0 74996.0 0.652
0.795631289482 -175.711166382 -209.140808105 0.875438182924 73751.0 73272.0 0.868
0.729712188244 -175.701599121 -209.127044678 0.875394634263 73751.0 73271.0 0.992
0.72918844223 -175.701507568 -209.126907349 0.875392674517 73772.0 73271.0 0.996
0.627014636993 -175.689086914 -209.100128174 0.875350703973 74489.0 74489.0 0.0
0.525436222553 -175.675506592 -209.073669434 0.872206321479 73773.0 73773.0 0.0
0.461980700493 -175.673370361 -209.059143066 0.869212540954 4214.0 4214.0 0.0
0.334511786699 -175.661590576 -209.031860352 0.863154442654 75039.0 75039.0 0.0
0.275898754597 -175.654510498 -209.019973755 0.858542748333 73775.0 73775.0 0.0
0.204138621688 -175.655303955 -209.002655029 0.850054090625 75197.0 75197.0 0.0
0.0920943915844 -175.649154663 -208.96913147 0.840376339591 74731.0 74731.0 0.0
0.0363821610808 -175.646713257 -208.952362061 0.833872643803 75540.0 26024.0 0.908
0.0312777161598 -175.646224976 -208.950820923 0.833203420402 74741.0 26024.0 0.936
-0.0901799574494 -175.641937256 -208.92036438 0.818642909749 76015.0 76015.0 0.0
-0.151311486959 -175.63923645 -208.905609131 0.809587253306 76012.0 76012.0 0.0
-0.23190651834 -175.637710571 -208.899642944 0.800290466988 75701.0 27315.0 0.044
-0.355818748474 -175.623825073 -208.878417969 0.786970172874 75744.0 75744.0 0.0
-0.388347685337 -175.624053955 -208.868545532 0.783774523781 75782.0 75782.0 0.0
-0.566420614719 -175.614562988 -208.83140564 0.763694735126 75783.0 75783.0 0.0
-0.614034950733 -175.614273071 -208.813293457 0.759440149146 76599.0 76599.0 0.0
-0.645263969898 -175.610870361 -208.806152344 0.754905781861 76244.0 76475.0 0.976
-0.769004046917 -175.608718872 -208.78994751 0.737501833301 50167.0 76240.0 0.092
-0.803608894348 -175.604614258 -208.785736084 0.732965710327 133222.0 133221.0 0.544
-0.883444428444 -175.599731445 -208.78187561 0.722252233733 77946.0 77946.0 0.0
-0.943718791008 -175.597473145 -208.785583496 0.717220960475 77945.0 77945.0 0.0
-0.958258032799 -175.596618652 -208.786758423 0.716004978308 77496.0 77496.0 0.0
-1.03864693642 -175.581878662 -208.793502808 0.704673613669 54990.0 54990.0 0.0
-1.1592798233 -175.57131958 -208.806030273 0.693663131186 77942.0 77942.0 0.0
-1.2976514101 -175.564865112 -208.804199219 0.672113826001 98926.0 98926.0 0.0
-1.40207886696 -175.560821533 -208.808685303 0.65683486241 77685.0 77685.0 0.0
-1.42364108562 -175.561203003 -208.80632019 0.653222115997 77937.0 78039.0 0.096
-1.52740740776 -175.558044434 -208.805923462 0.638575563124 77684.0 77684.0 0.0
-1.67470657825 -175.552093506 -208.836288452 0.624039496891 77664.0 77676.0 0.796
-1.70322239399 -175.548034668 -208.83682251 0.620743814953 78100.0 77662.0 0.516
-1.72344255447 -175.547042847 -208.837188721 0.617447201497 78101.0 77682.0 0.272
-1.83741104603 -175.550521851 -208.84715271 0.601534964815 77644.0 77644.0 0.0
-2.00455284119 -175.543212891 -208.849441528 0.580315916641 78072.0 78072.0 0.0
-2.04014992714 -175.54397583 -208.848068237 0.57568999269 78483.0 78483.0 0.0
-2.16484332085 -175.54524231 -208.829315186 0.556154686225 78763.0 78763.0 0.0
-2.19192409515 -175.546142578 -208.824050903 0.551041117079 78760.0 78760.0 0.0
-2.3522310257 -175.555007935 -208.788604736 0.531122625927 78487.0 78487.0 0.0
-2.44810914993 -175.554443359 -208.809997559 0.522277779574 78470.0 78470.0 0.0
-2.61923241615 -175.563049316 -208.792984009 0.515834152854 78517.0 79097.0 0.564
-2.65886116028 -175.558654785 -208.791152954 0.514901493583 79115.0 78508.0 0.844
-2.8331785202 -175.572189331 -208.768936157 0.518971041986 79111.0 79111.0 0.0
-2.83861017227 -175.57144165 -208.76789856 0.51894159499 79155.0 79174.0 0.116
-3.02901077271 -175.579864502 -208.733078003 0.520891632413 79729.0 79729.0 0.0
-3.04273271561 -175.583221436 -208.729156494 0.521516754789 79730.0 79435.0 0.032
-3.23392748833 -175.602859497 -208.723358154 0.523075744711 58984.0 58984.0 0.0
-3.2898042202 -175.612411499 -208.708862305 0.526953689089 79726.0 79726.0 0.0
-3.44510030746 -175.625244141 -208.708572388 0.526204060177 79761.0 80005.0 0.82
-3.47629952431 -175.631469727 -208.707733154 0.527333765216 80007.0 80005.0 0.776
-3.54328179359 -175.65296936 -208.711730957 0.52968159687 79770.0 79987.0 0.86
-3.67054319382 -175.659942627 -208.714935303 0.530592373712 80306.0 80307.0 0.912
-3.69662046432 -175.664749146 -208.714904785 0.532482409584 80304.0 80307.0 0.824
-3.79542160034 -175.683776855 -208.702392578 0.542244561217 79754.0 79769.0 0.052
-3.80664229393 -175.685241699 -208.701095581 0.543337683956 6443.0 80031.0 0.024
-3.82785844803 -175.68510437 -208.701873779 0.543345293282 80620.0 80620.0 0.0
-4.02158021927 -175.716110229 -208.701339722 0.549973301552 80621.0 80621.0 0.0
-4.02186965942 -175.716201782 -208.701324463 0.550004414126 80624.0 80621.0 0.992
-4.0577750206 -175.727218628 -208.699264526 0.553862373293 80624.0 80624.0 0.0
-4.05825614929 -175.727340698 -208.699279785 0.553890661 80625.0 80290.0 0.004
-4.1425447464 -175.739395142 -208.706298828 0.556852521765 79694.0 79694.0 0.0
-4.33815479279 -175.776779175 -208.674377441 0.571446652871 80039.0 80039.0 0.0
-4.34575414658 -175.777908325 -208.675552368 0.571386334735 9775.0 2346.0 0.392
-4.35686826706 -175.780090332 -208.675811768 0.571081841492 53578.0 2346.0 0.96
-4.39575433731 -175.785812378 -208.669265747 0.567877917772 81164.0 81164.0 0.0
-4.52245473862 -175.817947388 -208.666671753 0.557588629425 53581.0 53581.0 0.0
-4.57596635818 -175.831634521 -208.662841797 0.554924018504 81827.0 81829.0 0.256
-4.60419082642 -175.840881348 -208.661010742 0.55370017108 81836.0 81838.0 0.876
-4.67719507217 -175.867263794 -208.652938843 0.555722077149 81835.0 81835.0 0.0
-4.68180036545 -175.868713379 -208.652450562 0.555473339323 81577.0 81575.0 0.748
-4.69919681549 -175.873886108 -208.652069092 0.554297961609 80957.0 81577.0 0.936
-4.79575681686 -175.899765015 -208.656814575 0.551735952664 81818.0 81819.0 0.084
-4.83062553406 -175.912078857 -208.656417847 0.552959917219 81876.0 81876.0 0.0
-4.94100141525 -175.940444946 -208.659423828 0.54415012415 81879.0 81879.0 0.0
-4.97626638412 -175.955795288 -208.664291382 0.541297558236 81797.0 81204.0 0.808
-5.07623624802 -176.000335693 -208.66960144 0.533999053162 82406.0 82406.0 0.0
-5.13334751129 -176.024398804 -208.662460327 0.530894478693 82404.0 82404.0 0.0
-5.22237491608 -176.066055298 -208.655090332 0.522527181032 82100.0 82100.0 0.0
-5.29035329819 -176.089996338 -208.661087036 0.518286301217 81805.0 81805.0 0.0
-5.32049465179 -176.10319519 -208.664245605 0.51562244214 82084.0 82359.0 0.128
-5.44623327255 -176.14680481 -208.666732788 0.512239772383 82360.0 82093.0 0.268
-5.52187156677 -176.182571411 -208.676528931 0.516665354637 82105.0 82105.0 0.0
-5.54460382462 -176.194778442 -208.678649902 0.517113491381 82095.0 82095.0 0.0
-5.57534885406 -176.209228516 -208.679962158 0.517730466485 82134.0 82134.0 0.0
-5.70279216766 -176.275588989 -208.688110352 0.51499318079 82627.0 82627.0 0.0
-5.72693061829 -176.290924072 -208.689315796 0.516570100205 82630.0 82623.0 0.044
-5.78999900818 -176.320922852 -208.693756104 0.518884858179 59066.0 59066.0 0.0
-5.79191637039 -176.322280884 -208.694046021 0.518730287254 82570.0 82570.0 0.0
-5.93574333191 -176.398605347 -208.722091675 0.515291255463 82598.0 82598.0 0.0
-5.93575525284 -176.398605347 -208.722091675 0.515290830077 82946.0 82598.0 0.996
-5.93874549866 -176.399734497 -208.723068237 0.515184909001 82946.0 82946.0 0.0
-6.00983905792 -176.436004639 -208.735092163 0.513258872097 82965.0 82971.0 0.432
-6.10292387009 -176.484832764 -208.750991821 0.511375791028 82963.0 82963.0 0.0
-6.22140073776 -176.53843689 -208.766540527 0.513201779312 83275.0 83275.0 0.0
-6.31858587265 -176.577377319 -208.77305603 0.515717683714 83302.0 83304.0 0.304
-6.3223991394 -176.579040527 -208.773574829 0.515979938534 83303.0 83301.0 0.556
-6.37131261826 -176.597808838 -208.771591187 0.513455633349 83306.0 83306.0 0.0
-6.45359373093 -176.634628296 -208.774993896 0.513517633209 35779.0 35779.0 0.0
-6.47971439362 -176.647369385 -208.778900146 0.514545268998 83637.0 83631.0 0.892
-6.52375745773 -176.672836304 -208.780517578 0.514420278046 83642.0 83642.0 0.0
-6.63785076141 -176.736572266 -208.77545166 0.512764087488 83945.0 83945.0 0.0
-6.64794111252 -176.74256897 -208.77645874 0.513372016536 83978.0 83945.0 0.744
-6.67726707458 -176.760009766 -208.77935791 0.515138810331 83978.0 83978.0 0.0
-6.68926382065 -176.767562866 -208.780029297 0.516084479545 83989.0 83985.0 0.22
-6.70223474503 -176.77482605 -208.781539917 0.516805833888 83987.0 83982.0 0.232
-6.73590898514 -176.790908813 -208.784042358 0.517650718314 83982.0 83982.0 0.0
-6.73731708527 -176.791503906 -208.784103394 0.517693438611 83958.0 83992.0 0.02
-6.84742164612 -176.858306885 -208.779708862 0.52165515256 84197.0 84197.0 0.0
-6.84750127792 -176.858337402 -208.779708862 0.521655658202 84199.0 84197.0 0.992
-6.85738992691 -176.862472534 -208.780105591 0.521718357802 84199.0 84199.0 0.0
-6.93411874771 -176.896209717 -208.777526855 0.523933147629 84204.0 84204.0 0.0
-6.96560144424 -176.911361694 -208.779510498 0.526657457198 84445.0 84800.0 0.224
-6.96879529953 -176.912521362 -208.779388428 0.526848618685 84795.0 84445.0 0.96
-7.04291915894 -176.947570801 -208.769271851 0.52581760329 84179.0 84179.0 0.0
-7.07285451889 -176.96546936 -208.764678955 0.525995096879 151878.0 84792.0 0.204
-7.10521602631 -176.982299805 -208.761749268 0.525981618136 84483.0 84483.0 0.0
-7.19339752197 -177.019393921 -208.747558594 0.524821384388 94495.0 94495.0 0.0
-7.24114179611 -177.043426514 -208.739379883 0.525713417625 84787.0 84441.0 0.644
-7.31007575989 -177.068130493 -208.732177734 0.526328810494 84775.0 84775.0 0.0
-7.3103351593 -177.068252563 -208.732162476 0.526351589055 84763.0 84775.0 0.996
-7.37493991852 -177.098373413 -208.729904175 0.532023450819 84763.0 84763.0 0.0
-7.39463567734 -177.108276367 -208.727371216 0.533986541705 84818.0 84818.0 0.0
-7.40252017975 -177.112472534 -208.725234985 0.534166638275 85119.0 85174.0 0.2
-7.42891550064 -177.124420166 -208.718902588 0.533195830286 85497.0 62056.0 0.208
-7.52023410797 -177.156234741 -208.701171875 0.533076189279 85175.0 85175.0 0.0
-7.52765655518 -177.159591675 -208.699234009 0.533294829668 85167.0 85167.0 0.0
-7.60588550568 -177.190673828 -208.685119629 0.537156936214 85184.0 85184.0 0.0
-7.6407494545 -177.200775146 -208.67868042 0.539965231498 85469.0 85469.0 0.0
-7.70958423615 -177.230667114 -208.673751831 0.542839695706 85470.0 85470.0 0.0
-7.74341821671 -177.245544434 -208.669525146 0.545502935743 85478.0 85556.0 0.196
-7.85640716553 -177.286697388 -208.636276245 0.550642566767 85918.0 85918.0 0.0
-7.85643577576 -177.286712646 -208.636260986 0.55064361583 86240.0 85918.0 0.996
-7.86355781555 -177.290618896 -208.633636475 0.550904832433 86240.0 86240.0 0.0
-7.88625764847 -177.30267334 -208.625259399 0.552395127951 86320.0 86320.0 0.0
-7.9401011467 -177.327819824 -208.60748291 0.557791023048 86239.0 86319.0 0.58
-7.95966053009 -177.337112427 -208.603561401 0.559511684615 86239.0 86306.0 0.248
-7.98309469223 -177.345352173 -208.597610474 0.560058770378 81850.0 81850.0 0.0
-8.10165596008 -177.400619507 -208.561294556 0.566563266058 86350.0 86350.0 0.0
-8.16890525818 -177.430679321 -208.540847778 0.568661911937 86714.0 84758.0 0.392
-8.20484733582 -177.444900513 -208.529968262 0.569879626013 86714.0 86714.0 0.0
-8.23481655121 -177.459106445 -208.523544312 0.573594790181 86713.0 86716.0 0.548
-8.24534034729 -177.464859009 -208.522140503 0.574707372098 86716.0 86716.0 0.0
-8.24836349487 -177.466705322 -208.521789551 0.574994714194 86711.0 86717.0 0.976
-8.34919261932 -177.518966675 -208.498016357 0.581751053983 86706.0 82030.0 0.76
-8.3687915802 -177.526901245 -208.492950439 0.583209568589 82030.0 108228.0 0.056
-8.42991638184 -177.55809021 -208.47026062 0.589511956702 108228.0 108231.0 0.44
-8.45090770721 -177.570556641 -208.465072632 0.592259663695 108231.0 108231.0 0.0
-8.45137786865 -177.570831299 -208.46496582 0.592335570694 87122.0 108230.0 0.992
-8.49043464661 -177.593658447 -208.4581604 0.598693842531 87122.0 87108.0 0.252
-8.519323349 -177.606231689 -208.451080322 0.60148524243 87107.0 87509.0 0.876
-8.5204706192 -177.606811523 -208.450668335 0.601556149083 87509.0 87509.0 0.0
-8.52083492279 -177.60697937 -208.450546265 0.601591636746 87510.0 87509.0 0.992
-8.56598854065 -177.627151489 -208.434692383 0.605992106903 87510.0 87510.0 0.0
-8.56611919403 -177.627212524 -208.434661865 0.606011875898 87508.0 87510.0 0.996
-8.59855365753 -177.644165039 -208.425888062 0.610934355638 87508.0 87508.0 0.0
-8.67488384247 -177.687927246 -208.399810791 0.627496756918 85960.0 85960.0 0.0
-8.6905298233 -177.694534302 -208.395080566 0.63064482084 87499.0 87501.0 0.884
-8.7213306427 -177.70916748 -208.388504028 0.636969773493 87499.0 87499.0 0.0
-8.74123382568 -177.720077515 -208.381576538 0.640701153823 87517.0 87496.0 0.98
-8.82078456879 -177.75630188 -208.359664917 0.654836006786 87901.0 87467.0 0.424
-8.84175300598 -177.767883301 -208.35206604 0.658849006385 87914.0 87168.0 0.94
-8.89439678192 -177.800689697 -208.34085083 0.671807433739 87529.0 87529.0 0.0
-8.93713569641 -177.819976807 -208.330184937 0.677783081715 88246.0 88243.0 0.368
-9.00569248199 -177.85244751 -208.312088013 0.688583558475 87898.0 88243.0 0.688
-9.0818157196 -177.896865845 -208.282897949 0.703792836447 87927.0 87876.0 0.436
-9.10828113556 -177.912307739 -208.276123047 0.708691174208 87927.0 87926.0 0.604
-9.13830184937 -177.927322388 -208.270675659 0.71358136377 44158.0 87926.0 0.572
-9.17047214508 -177.943237305 -208.265380859 0.7188722743 88610.0 44158.0 0.052
-9.26563549042 -177.994430542 -208.236953735 0.735551064236 66166.0 66166.0 0.0
-9.30791187286 -178.02243042 -208.22416687 0.748611349768 88601.0 88603.0 0.792
-9.3308095932 -178.035827637 -208.220428467 0.753668174192 88602.0 88603.0 0.18
-9.33596515656 -178.038604736 -208.219497681 0.754741035564 88602.0 88602.0 0.0
-9.33644104004 -178.038864136 -208.219390869 0.754841718793 88310.0 88602.0 0.984
-9.36569881439 -178.055252075 -208.212646484 0.761033737411 88310.0 88310.0 0.0
-9.39203166962 -178.069869995 -208.205169678 0.766667320414 89018.0 89032.0 0.864
-9.41746139526 -178.080352783 -208.201171875 0.769020868922 89463.0 87152.0 0.82
-9.43241214752 -178.087432861 -208.198226929 0.771017668183 63113.0 87152.0 0.836
-9.51501560211 -178.128921509 -208.184494019 0.780717709086 63113.0 63113.0 0.0
-9.56725120544 -178.15612793 -208.171417236 0.791223602545 89476.0 89020.0 0.184
-9.58582305908 -178.165267944 -208.168395996 0.794541110613 89475.0 89415.0 0.484
-9.61174964905 -178.180206299 -208.164474487 0.798293626479 89893.0 89415.0 0.836
-9.63436317444 -178.191497803 -208.162017822 0.801837369408 36115.0 89890.0 0.3
-9.68293190002 -178.215408325 -208.154891968 0.808543077074 89413.0 89847.0 0.292
-9.72915840149 -178.240066528 -208.14503479 0.816949821272 66165.0 89848.0 0.236
-9.73941516876 -178.245605469 -208.143463135 0.81879993529 66165.0 90366.0 0.548
-9.75280189514 -178.253845215 -208.141937256 0.820989043681 90366.0 90367.0 0.024
-9.76971912384 -178.262969971 -208.140853882 0.822976934127 90368.0 90367.0 0.112
-9.93200397491 -178.359695435 -208.120513916 0.854179552085 90374.0 90374.0 0.0
-9.95974349976 -178.372573853 -208.118026733 0.860147408329 90377.0 90376.0 0.92
-10.037027359 -178.413864136 -208.107025146 0.877195200548 90353.0 89849.0 0.208
-10.1255474091 -178.467422485 -208.095169067 0.904217007592 89849.0 90391.0 0.888
-10.1349239349 -178.472518921 -208.092819214 0.907074860742 90391.0 90391.0 0.0
-10.2245044708 -178.503463745 -208.084350586 0.92333399166 71409.0 90384.0 0.036
-10.2274446487 -178.504257202 -208.083969116 0.923836807122 71419.0 71409.0 0.76
-10.2350139618 -178.506942749 -208.081832886 0.926036767316 71417.0 71419.0 0.924
-10.2622327805 -178.517349243 -208.076339722 0.932096511347 71417.0 71417.0 0.0
-10.2637233734 -178.517959595 -208.076171875 0.932397738116 89947.0 71417.0 0.984
-10.3554182053 -178.555953979 -208.066177368 0.950923184458 89947.0 89947.0 0.0
-10.3559732437 -178.55619812 -208.066162109 0.951047289206 89948.0 89947.0 0.992
-10.4247531891 -178.586456299 -208.063858032 0.966436277954 89948.0 89948.0 0.0
-10.4248313904 -178.586486816 -208.063858032 0.966452337855 22625.0 89948.0 0.996
-10.4442148209 -178.595489502 -208.064605713 0.970451253242 22625.0 22625.0 0.0
-10.5462007523 -178.627258301 -208.066848755 0.983478995251 92309.0 92309.0 0.0
-10.6519613266 -178.645339966 -208.068527222 0.994043704513 27376.0 27376.0 0.0
-10.6636543274 -178.647079468 -208.069244385 0.994193435161 70303.0 70311.0 0.264
-10.7458972931 -178.656021118 -208.073318481 0.996096180864 67057.0 70310.0 0.94
-10.9243793488 -178.664245605 -208.135314941 0.982970074108 50287.0 50287.0 0.0
-11.0556745529 -178.647262573 -208.158187866 0.973863115479 73508.0 73508.0 0.0
-11.1361875534 -178.641738892 -208.166824341 0.966935717319 25652.0 25652.0 0.0
-11.180847168 -178.633178711 -208.173629761 0.960363889818 49611.0 49611.0 0.0
-11.1942024231 -178.631057739 -208.176544189 0.957965765572 95527.0 96708.0 0.536
-11.2395105362 -178.619995117 -208.189086914 0.948943882363 96254.0 96708.0 0.836
-11.3970241547 -178.576187134 -208.227966309 0.920821976259 96690.0 96690.0 0.0
-11.5531635284 -178.533691406 -208.267776489 0.899506859814 96687.0 96687.0 0.0
-11.5539560318 -178.533447266 -208.26763916 0.899336276551 96249.0 10499.0 0.004
-11.7065477371 -178.489700317 -208.270431519 0.880560813179 14925.0 14925.0 0.0
-11.7190008163 -178.484893799 -208.268692017 0.878763600073 18876.0 64257.0 0.64
-11.7829122543 -178.467346191 -208.265411377 0.869621653292 16347.0 16347.0 0.0
-11.8387813568 -178.453109741 -208.2684021 0.86393659757 93924.0 93924.0 0.0
-12.0302867889 -178.400268555 -208.257354736 0.845232668997 43655.0 43655.0 0.0
-12.0313310623 -178.399917603 -208.25743103 0.845211835797 40818.0 63351.0 0.992
-12.2277374268 -178.339141846 -208.228546143 0.825099616641 83019.0 83019.0 0.0
-12.2908039093 -178.322952271 -208.211074829 0.820892892589 97977.0 83017.0 0.704
-12.3418226242 -178.315063477 -208.195404053 0.817717838345 93548.0 93548.0 0.0
-12.4694080353 -178.279846191 -208.151321411 0.802511768617 62602.0 62602.0 0.0
-12.5481071472 -178.253433228 -208.123352051 0.794639389497 58098.0 58098.0 0.0
-12.7093496323 -178.199478149 -208.038604736 0.768585500879 92921.0 92921.0 0.0
-12.8135404587 -178.174957275 -207.985488892 0.761737722214 90098.0 90098.0 0.0
-12.8193302155 -178.172073364 -207.982040405 0.760808460894 63426.0 63426.0 0.0
-12.9829616547 -178.115005493 -207.898757935 0.740622952595 80485.0 80485.0 0.0
-12.9975948334 -178.11126709 -207.892807007 0.739477945462 98982.0 98983.0 0.908
-13.1026153564 -178.080078125 -207.836273193 0.729384834432 132729.0 132729.0 0.0
-13.1026172638 -178.080078125 -207.836273193 0.729384787757 96636.0 132729.0 0.988
-13.1027507782 -178.080032349 -207.836196899 0.729380944872 96636.0 96636.0 0.0
-13.2353458405 -178.02041626 -207.746383667 0.72730543332 98985.0 98985.0 0.0
-13.2659626007 -178.01008606 -207.729660034 0.728268680648 96648.0 95481.0 0.916
-13.3315029144 -177.989654541 -207.700515747 0.729786818961 78860.0 98538.0 0.98
-13.3909330368 -177.967727661 -207.665222168 0.730247588115 98532.0 98532.0 0.0
-13.4041109085 -177.962814331 -207.658050537 0.730465847041 60238.0 43340.0 0.356
-13.5401554108 -177.895812988 -207.572418213 0.739313726216 99013.0 91815.0 0.14
-13.5994701385 -177.87411499 -207.53729248 0.748949845908 99011.0 98997.0 0.632
-13.6078710556 -177.870727539 -207.53086853 0.749903010276 99000.0 99002.0 0.672
-13.6670446396 -177.848098755 -207.496246338 0.752006110906 95490.0 98232.0 0.812
-13.7130174637 -177.82321167 -207.464080811 0.753906981668 96191.0 96191.0 0.0
-13.8736476898 -177.753967285 -207.383270264 0.764953284011 96220.0 96220.0 0.0
-13.9112758636 -177.728164673 -207.361938477 0.769929215282 80370.0 80370.0 0.0
-13.9339895248 -177.711532593 -207.351013184 0.772307416197 97581.0 97585.0 0.88
-13.9354400635 -177.710510254 -207.35043335 0.77238990985 97585.0 73135.0 0.128
-13.9868564606 -177.674530029 -207.324234009 0.773755275134 97584.0 97584.0 0.0
-14.0088939667 -177.663619995 -207.312347412 0.773569841431 85946.0 85946.0 0.0
-14.1142120361 -177.617614746 -207.257354736 0.781327108582 98252.0 18789.0 0.196
-14.1578741074 -177.594787598 -207.228500366 0.78584631611 59279.0 59278.0 0.488
-14.1796369553 -177.583953857 -207.216064453 0.78772067908 59275.0 55668.0 0.292
-14.1924114227 -177.577255249 -207.206436157 0.787674632465 57025.0 75793.0 0.508
-14.2154245377 -177.564666748 -207.189819336 0.787739870633 75793.0 75792.0 0.712
-14.2229537964 -177.560760498 -207.184799194 0.787669336375 55667.0 75792.0 0.772
-14.307849884 -177.516494751 -207.135925293 0.789414701094 98185.0 48049.0 0.1
-14.3166828156 -177.512374878 -207.131530762 0.789793410206 98186.0 98185.0 0.784
-14.3419857025 -177.499450684 -207.119812012 0.790989759062 98164.0 98186.0 0.736
-14.3508090973 -177.494445801 -207.116088867 0.791516827438 98164.0 98164.0 0.0
-14.421037674 -177.456115723 -207.077911377 0.793107162027 99699.0 99699.0 0.0
-14.4723386765 -177.427444458 -207.045135498 0.792008772886 99705.0 99705.0 0.0
-14.5587368011 -177.377868652 -206.993728638 0.790583605934 99314.0 99314.0 0.0
-14.6189317703 -177.333526611 -206.958389282 0.787747889894 99309.0 99309.0 0.0
-14.6754131317 -177.296340942 -206.921173096 0.784352093119 98265.0 98176.0 0.936
-14.6807012558 -177.293075562 -206.917709351 0.784302371624 99319.0 98176.0 0.792
-14.7188062668 -177.269744873 -206.891036987 0.785506690564 99320.0 99319.0 0.468
-14.7428712845 -177.253463745 -206.872543335 0.786068935748 99066.0 99066.0 0.0
-14.8217973709 -177.203277588 -206.817077637 0.785789249409 99322.0 99322.0 0.0
-14.9129858017 -177.140686035 -206.756271362 0.781198737001 78179.0 99336.0 0.492
-14.9409952164 -177.120513916 -206.741088867 0.78041226038 99336.0 99621.0 0.936
-14.9456262589 -177.117202759 -206.738693237 0.780316770112 99621.0 99324.0 0.528
-14.9484910965 -177.115386963 -206.737289429 0.780267927994 99324.0 99626.0 0.02
-15.0227613449 -177.066543579 -206.688537598 0.776639370397 100131.0 100130.0 0.42
-15.0450468063 -177.051315308 -206.672317505 0.77610874147 100132.0 100131.0 0.588
-15.0915079117 -177.014221191 -206.643844604 0.773253385725 100126.0 100126.0 0.0
-15.1762943268 -176.945541382 -206.577056885 0.77158678858 99615.0 99615.0 0.0
-15.1797246933 -176.943435669 -206.574462891 0.771389007984 99983.0 59024.0 0.98
-15.2085065842 -176.925231934 -206.555099487 0.770017989179 10968.0 59696.0 0.284
-15.2761316299 -176.876296997 -206.50730896 0.766934904574 99974.0 71120.0 0.32
-15.2949237823 -176.863708496 -206.493347168 0.767667716556 100058.0 71120.0 0.124
-15.3079223633 -176.855392456 -206.484420776 0.767955486735 100056.0 79015.0 0.248
-15.3184661865 -176.848587036 -206.478225708 0.767711155929 79015.0 99990.0 0.996
-15.3395862579 -176.835754395 -206.467163086 0.767042419009 100138.0 100138.0 0.0
-15.4207086563 -176.777023315 -206.40397644 0.76347839496 100426.0 100426.0 0.0
-15.4962377548 -176.715789795 -206.340316772 0.75988486337 100425.0 100425.0 0.0
-15.5543518066 -176.674026489 -206.287063599 0.760818665808 100707.0 100707.0 0.0
-15.5548009872 -176.673736572 -206.286712646 0.760849348587 100700.0 100707.0 0.98
-15.5768060684 -176.659561157 -206.269714355 0.762352804751 100700.0 100700.0 0.0
-15.6213817596 -176.623291016 -206.233779907 0.763784765155 100664.0 100659.0 0.908
-15.6240205765 -176.621109009 -206.23147583 0.763876157688 93765.0 100659.0 0.88
-15.6432638168 -176.606231689 -206.21333313 0.764423244658 100743.0 93765.0 0.544
-15.6764297485 -176.579437256 -206.181900024 0.766575262716 100741.0 100738.0 0.212
-15.7024393082 -176.560043335 -206.160476685 0.770322115331 100738.0 100738.0 0.0
-15.7072296143 -176.556900024 -206.15663147 0.770918418879 100964.0 100968.0 0.064
-15.7111968994 -176.554550171 -206.154205322 0.771125250075 100963.0 100967.0 0.504
-15.7182617188 -176.549163818 -206.149215698 0.771210404693 100967.0 100711.0 0.084
-15.7635545731 -176.513839722 -206.111541748 0.770281966883 100784.0 77444.0 0.484
-15.819685936 -176.466781616 -206.056015015 0.772509405851 64518.0 101044.0 0.808
-15.8349275589 -176.454544067 -206.039489746 0.773553407252 101045.0 101045.0 0.0
-15.8972730637 -176.40057373 -205.980499268 0.777861766782 101312.0 101312.0 0.0
-15.8972845078 -176.400558472 -205.980484009 0.77786197488 101310.0 101312.0 0.976
-15.8977565765 -176.400009155 -205.980026245 0.777870437527 101310.0 101310.0 0.0
-15.9919643402 -176.294372559 -205.8800354 0.789071152699 100974.0 100974.0 0.0
-15.992931366 -176.29347229 -205.878921509 0.789207476089 101424.0 54216.0 0.988
-16.0300827026 -176.245651245 -205.833526611 0.790132856765 101317.0 101317.0 0.0
-16.0843753815 -176.188858032 -205.776412964 0.789936395388 101736.0 101375.0 0.756
-16.1226558685 -176.147125244 -205.738922119 0.793481854938 73544.0 73544.0 0.0
-16.1228237152 -176.146957397 -205.738800049 0.793489444882 101373.0 73544.0 0.988
-16.1365737915 -176.133132935 -205.728134155 0.794114350291 101373.0 101373.0 0.0
-16.2323818207 -176.041717529 -205.636825562 0.800245803655 102158.0 54212.0 0.144
-16.2407016754 -176.033401489 -205.630233765 0.801007683494 102163.0 102158.0 0.444
-16.2524967194 -176.02305603 -205.620742798 0.801476065693 102163.0 102161.0 0.28
-16.2826385498 -175.99559021 -205.593078613 0.802401091743 102124.0 102124.0 0.0
-16.3254756927 -175.954238892 -205.555419922 0.8050899254 102117.0 102117.0 0.0
-16.3721256256 -175.913513184 -205.507598877 0.80761451427 102128.0 102129.0 0.872
-16.4048881531 -175.880950928 -205.474853516 0.81060828504 102491.0 102493.0 0.548
-16.430311203 -175.84967041 -205.447479248 0.813162038383 102491.0 683.0 0.652
-16.4364490509 -175.842910767 -205.442321777 0.813464116394 683.0 683.0 0.0
-16.5224189758 -175.751876831 -205.354324341 0.8197970507 102498.0 102498.0 0.0
-16.5384864807 -175.734848022 -205.338562012 0.820530222183 102508.0 102508.0 0.0
-16.6039676666 -175.667114258 -205.271713257 0.824538013715 102398.0 102398.0 0.0
-16.608921051 -175.661315918 -205.266723633 0.825009859847 102408.0 102408.0 0.0
-16.6809921265 -175.588592529 -205.194732666 0.826723645271 57637.0 57637.0 0.0
-16.704082489 -175.56022644 -205.173538208 0.827119111162 102455.0 102455.0 0.0
-16.7801170349 -175.467453003 -205.085968018 0.829985701201 57293.0 57293.0 0.0
-16.7835884094 -175.462463379 -205.08241272 0.829947409607 12142.0 59656.0 0.996
-16.8558979034 -175.364837646 -204.993133545 0.827877790762 81133.0 81133.0 0.0
-16.8688220978 -175.345916748 -204.977508545 0.827772260961 59654.0 65803.0 0.8
-16.9355487823 -175.270339966 -204.907272339 0.82783486627 103365.0 103365.0 0.0
-17.0067596436 -175.169372559 -204.814590454 0.827300817673 103397.0 103395.0 0.764
-17.0198135376 -175.152862549 -204.795211792 0.827325358792 103404.0 103404.0 0.0
-17.0915164948 -175.049087524 -204.701980591 0.826626977814 81137.0 81137.0 0.0
-17.0918140411 -175.048736572 -204.701583862 0.826640696021 65205.0 81137.0 0.98
-17.1063556671 -175.031646729 -204.681976318 0.827312888201 65205.0 65205.0 0.0
-17.1085166931 -175.029052734 -204.678878784 0.827414458029 50202.0 65206.0 0.988
-17.1677036285 -174.948623657 -204.603179932 0.827387739373 68629.0 50197.0 0.596
-17.1701946259 -174.94519043 -204.600494385 0.827456482401 32489.0 68628.0 0.448
-17.2100543976 -174.887207031 -204.548126221 0.826813391681 9396.0 77883.0 0.448
-17.235200882 -174.849197388 -204.510391235 0.827337492888 77888.0 9396.0 0.172
-17.239988327 -174.842147827 -204.502410889 0.82735608105 104157.0 104156.0 0.004
-17.3149108887 -174.737670898 -204.40776062 0.827776542609 104158.0 104158.0 0.0
-17.3203773499 -174.728912354 -204.3984375 0.827960315003 67407.0 67407.0 0.0
-17.38123703 -174.638519287 -204.315383911 0.825198192159 49027.0 49027.0 0.0
-17.3973388672 -174.622451782 -204.193878174 0.741303989981 31373.0 31373.0 0.0
-17.4158096313 -174.623703003 -204.115234375 0.683963333517 137085.0 122510.0 0.816
-17.4380226135 -174.592269897 -203.921188354 0.549996360862 122512.0 122512.0 0.0
