X Y Z MaximumInscribedSphereRadius EdgeArray0 EdgeArray1 EdgePCoordArray
31.0416870117 -172.13293457 -154.124053955 0.26646661972 214145.0 214145.0 0.0
31.0479106903 -172.114151001 -154.133468628 0.280308780001 241440.0 221518.0 0.872
31.0547466278 -172.06741333 -154.176574707 0.322789453639 241440.0 241440.0 0.0
31.0551300049 -172.06652832 -154.177124023 0.323574127693 241441.0 241440.0 0.976
31.0706863403 -172.030288696 -154.199432373 0.355484205857 241441.0 241441.0 0.0
31.070526123 -172.022247314 -154.205932617 0.361270803559 232998.0 229932.0 0.076
31.0752983093 -171.985015869 -154.223526001 0.380804475569 229933.0 238687.0 0.292
31.0747375488 -171.940246582 -154.229782104 0.39260147802 233765.0 229934.0 0.868
31.0706119537 -171.905883789 -154.239776611 0.402248885677 233348.0 229934.0 0.06
31.0702514648 -171.903335571 -154.240509033 0.40293268404 233348.0 232392.0 0.08
31.0700588226 -171.901855469 -154.240493774 0.403042620966 213429.0 233348.0 0.748
31.0688323975 -171.896347046 -154.240493774 0.403215552409 213429.0 213429.0 0.0
31.0574760437 -171.83921814 -154.245635986 0.405670642991 216776.0 216776.0 0.0
31.0459747314 -171.798721313 -154.246246338 0.406224276454 72047.0 247421.0 0.656
31.0434551239 -171.790054321 -154.246856689 0.406291953712 247421.0 247422.0 0.024
31.0335884094 -171.756378174 -154.249740601 0.40838734527 247422.0 247422.0 0.0
31.0314292908 -171.744934082 -154.248764038 0.408394714674 247419.0 213136.0 0.544
31.0289916992 -171.73059082 -154.248458862 0.40843330869 213136.0 240235.0 0.164
31.016658783 -171.667327881 -154.249801636 0.409852825083 240235.0 214250.0 0.552
31.0149288177 -171.657180786 -154.250823975 0.410020241167 233517.0 214133.0 0.604
31.0068721771 -171.617660522 -154.251403809 0.410964588133 214133.0 239618.0 0.62
31.0003356934 -171.594390869 -154.252853394 0.411131648801 239618.0 209827.0 0.444
30.9974136353 -171.579360962 -154.254867554 0.411353091403 222098.0 222098.0 0.0
30.9749088287 -171.494018555 -154.256454468 0.412595539117 226726.0 193854.0 0.084
30.9748249054 -171.493591309 -154.256515503 0.41259508224 226725.0 226726.0 0.92
30.9573364258 -171.415893555 -154.260864258 0.412903568459 240239.0 240239.0 0.0
30.9510192871 -171.390213013 -154.26008606 0.414184315076 226727.0 226727.0 0.0
30.9509601593 -171.389953613 -154.260116577 0.414182126474 232524.0 226727.0 0.992
30.9436378479 -171.357757568 -154.263397217 0.413910739832 232524.0 232524.0 0.0
30.9279003143 -171.303359985 -154.263473511 0.413222157207 214115.0 214115.0 0.0
30.9136943817 -171.254089355 -154.268493652 0.414415805845 216543.0 216543.0 0.0
30.895986557 -171.164932251 -154.273391724 0.41471605824 220666.0 216544.0 0.4
30.8923892975 -171.150360107 -154.272476196 0.414920766804 214015.0 220669.0 0.716
30.8748912811 -171.077774048 -154.278015137 0.413709157739 216594.0 246767.0 0.116
30.8679904938 -171.049667358 -154.27696228 0.41368003166 246768.0 216597.0 0.988
30.8661632538 -171.041854858 -154.277404785 0.413494401177 216597.0 215056.0 0.284
30.8602542877 -171.018768311 -154.279067993 0.412831748744 223644.0 223644.0 0.0
30.8312034607 -170.936325073 -154.285415649 0.41319148663 240432.0 240432.0 0.0
30.8098526001 -170.876205444 -154.291305542 0.412809919235 198410.0 198410.0 0.0
30.7944660187 -170.835296631 -154.290756226 0.413627599779 216570.0 216570.0 0.0
30.7748088837 -170.777755737 -154.298751831 0.413624165081 233824.0 233824.0 0.0
30.7478199005 -170.691207886 -154.302902222 0.412605351305 233147.0 233147.0 0.0
30.7223052979 -170.620788574 -154.305953979 0.413729320344 233148.0 228033.0 0.836
30.7184638977 -170.608947754 -154.306167603 0.413884061507 228033.0 228033.0 0.0
30.7100086212 -170.583084106 -154.310821533 0.413522502738 216563.0 216563.0 0.0
30.6805667877 -170.495788574 -154.31489563 0.414099683021 233396.0 233396.0 0.0
30.6805381775 -170.495697021 -154.314910889 0.41410176357 233397.0 233396.0 0.988
30.6781997681 -170.488006592 -154.316116333 0.41427306208 233397.0 233397.0 0.0
30.6624965668 -170.443771362 -154.318450928 0.413445087961 212621.0 212621.0 0.0
30.6472473145 -170.401123047 -154.322143555 0.414510089896 216954.0 216954.0 0.0
30.6263713837 -170.348754883 -154.325866699 0.413462807334 212616.0 220739.0 0.98
30.6110229492 -170.289810181 -154.329559326 0.414352025281 214404.0 214404.0 0.0
30.6109790802 -170.289749146 -154.329559326 0.414358989455 220746.0 214404.0 0.968
30.609670639 -170.287872314 -154.329696655 0.414569655707 220746.0 220746.0 0.0
30.5751113892 -170.195205688 -154.335006714 0.41466184941 234295.0 234295.0 0.0
30.5663127899 -170.167800903 -154.339431763 0.414632320091 233563.0 233561.0 0.188
30.5624275208 -170.156890869 -154.339904785 0.414451951027 233558.0 233563.0 0.828
30.5483074188 -170.110916138 -154.340713501 0.413121879569 220747.0 220747.0 0.0
30.5306339264 -170.060882568 -154.344955444 0.415545396907 218060.0 218060.0 0.0
30.492729187 -169.952545166 -154.351150513 0.415357077015 228992.0 228992.0 0.0
30.4590549469 -169.853271484 -154.360275269 0.414598427146 228996.0 228996.0 0.0
30.458272934 -169.851043701 -154.360122681 0.414600558637 232871.0 228996.0 0.908
30.4505462646 -169.828979492 -154.358642578 0.41462159553 232871.0 232871.0 0.0
30.421169281 -169.744659424 -154.367172241 0.413121905977 1462.0 1462.0 0.0
30.4207496643 -169.743713379 -154.3671875 0.413181922553 242730.0 1462.0 0.972
30.4061851501 -169.71081543 -154.367935181 0.41526535512 242730.0 242730.0 0.0
30.402338028 -169.702178955 -154.367279053 0.415496278309 242731.0 242731.0 0.0
30.3980026245 -169.691452026 -154.367889404 0.414684639065 242727.0 242728.0 0.808
30.3709430695 -169.603485107 -154.37713623 0.413892842778 242534.0 214380.0 0.908
30.3618907928 -169.575363159 -154.376220703 0.414133876339 246674.0 240575.0 0.3
30.3571548462 -169.560195923 -154.377243042 0.413633531366 240575.0 240574.0 0.784
30.3486537933 -169.532775879 -154.380523682 0.413118057721 216968.0 240574.0 0.296
30.3442955017 -169.519958496 -154.381881714 0.412925854524 216968.0 213165.0 0.116
30.3284816742 -169.472793579 -154.382720947 0.412899513855 216961.0 216961.0 0.0
30.3135051727 -169.427474976 -154.388000488 0.412636403398 210892.0 225740.0 0.492
30.2969112396 -169.380767822 -154.388305664 0.412938959658 218387.0 218387.0 0.0
30.2828769684 -169.33770752 -154.394104004 0.412885805015 197523.0 197523.0 0.0
30.2623729706 -169.280395508 -154.394805908 0.413446330349 216307.0 216307.0 0.0
30.2521400452 -169.249420166 -154.399765015 0.412847764028 256790.0 256790.0 0.0
30.2230682373 -169.168579102 -154.403701782 0.414513313991 213163.0 213163.0 0.0
30.2198066711 -169.157424927 -154.405593872 0.414224581167 246931.0 246932.0 0.568
30.2174701691 -169.15045166 -154.406387329 0.413814914537 219504.0 220938.0 0.012
30.1843471527 -169.058654785 -154.411270142 0.414669441331 220940.0 220940.0 0.0
30.1696968079 -169.009277344 -154.415206909 0.41329888995 233773.0 233775.0 0.576
30.1590194702 -168.979812622 -154.415359497 0.413002272912 233770.0 233939.0 0.108
30.1379795074 -168.92906189 -154.421936035 0.412647609808 197534.0 223676.0 0.896
30.1048755646 -168.864639282 -154.423233032 0.415325728316 225653.0 225653.0 0.0
30.0920314789 -168.849609375 -154.42640686 0.415799625547 225661.0 225661.0 0.0
30.0563488007 -168.765167236 -154.434371948 0.41505216791 234911.0 234911.0 0.0
30.0381011963 -168.731506348 -154.438308716 0.417797289992 197917.0 197917.0 0.0
30.0336532593 -168.721725464 -154.440505981 0.418167565542 234646.0 234642.0 0.604
29.9962368011 -168.648178101 -154.44670105 0.419019030948 218533.0 218533.0 0.0
29.9892864227 -168.634490967 -154.449493408 0.418541009095 230701.0 242573.0 0.828
29.9392127991 -168.530761719 -154.458053589 0.421687256013 213239.0 218534.0 0.232
29.933883667 -168.521148682 -154.457397461 0.422040937986 218529.0 218527.0 0.148
29.8843288422 -168.428634644 -154.467987061 0.424130213535 197790.0 218525.0 0.12
29.8540420532 -168.379302979 -154.468154907 0.429502830236 197747.0 197290.0 0.884
29.8518810272 -168.376663208 -154.46812439 0.429860104932 197290.0 197290.0 0.0
29.8264884949 -168.336212158 -154.473602295 0.432632186024 225432.0 225427.0 0.224
29.8088188171 -168.30519104 -154.474380493 0.434842954555 225430.0 225431.0 0.768
29.8036022186 -168.298065186 -154.474014282 0.435444540868 197095.0 197279.0 0.704
29.7704429626 -168.242462158 -154.475112915 0.438301171708 197284.0 197283.0 0.6
29.7433605194 -168.194717407 -154.483413696 0.442864977053 197283.0 197280.0 0.528
29.701675415 -168.116592407 -154.48866272 0.452498745541 197280.0 218914.0 0.784
29.6928195953 -168.105255127 -154.488876343 0.454369267961 218913.0 218914.0 0.728
29.691619873 -168.10333252 -154.489089966 0.454814485714 218911.0 218913.0 0.984
29.6657238007 -168.069946289 -154.497085571 0.459422300081 196947.0 196947.0 0.0
29.660118103 -168.061096191 -154.497665405 0.45971673285 197079.0 196948.0 0.972
29.6149864197 -167.977523804 -154.507034302 0.468822480973 197595.0 197595.0 0.0
29.5380439758 -167.861495972 -154.523529053 0.483073811037 197594.0 197084.0 0.992
29.5373001099 -167.860473633 -154.523742676 0.483226908015 190042.0 197084.0 0.976
29.515455246 -167.845718384 -154.524200439 0.484812874782 90809.0 90809.0 0.0
29.4011173248 -167.725921631 -154.533660889 0.489634591317 41650.0 41650.0 0.0
29.2942047119 -167.632202148 -154.558380127 0.502695610771 102511.0 186442.0 0.552
29.2509498596 -167.590164185 -154.557800293 0.508685852488 103096.0 197342.0 0.432
29.1578788757 -167.517745972 -154.573547363 0.520527740947 197840.0 197840.0 0.0
29.1205043793 -167.494827271 -154.577072144 0.526808354641 196583.0 197841.0 0.076
29.1187896729 -167.493881226 -154.577270508 0.527082014124 196583.0 197645.0 0.04
29.0793018341 -167.474243164 -154.586303711 0.532169883123 197344.0 197644.0 0.904
28.9895915985 -167.422622681 -154.587554932 0.537918780375 167570.0 197647.0 0.284
28.9761981964 -167.415817261 -154.588180542 0.539032101138 197466.0 197632.0 0.196
28.9596805573 -167.4112854 -154.591567993 0.53714506116 64440.0 197466.0 0.588
28.92918396 -167.400146484 -154.597595215 0.532752865899 64440.0 54215.0 0.184
28.8409404755 -167.36505127 -154.600112915 0.522443107128 64441.0 64441.0 0.0
28.7209033966 -167.317596436 -154.63470459 0.505911301027 14098.0 14098.0 0.0
28.6074504852 -167.294784546 -154.639923096 0.501327111056 196438.0 196438.0 0.0
28.4704265594 -167.252822876 -154.666015625 0.492946201842 131745.0 196436.0 0.876
28.3909378052 -167.242019653 -154.683364868 0.493857596913 42183.0 196362.0 0.836
28.3595104218 -167.232055664 -154.69102478 0.493720157612 105614.0 42448.0 0.8
28.2996616364 -167.207015991 -154.707946777 0.491428597424 196283.0 41705.0 0.832
28.2672653198 -167.198959351 -154.717849731 0.492148403893 111890.0 41705.0 0.852
28.0678787231 -167.16645813 -154.781356812 0.509849138874 151728.0 151728.0 0.0
28.0678501129 -167.16645813 -154.78137207 0.509852617968 196559.0 151728.0 0.992
28.0642051697 -167.166702271 -154.78302002 0.510284025669 196559.0 196559.0 0.0
27.9926242828 -167.156478882 -154.816482544 0.512366820296 41709.0 196444.0 0.64
27.9422397614 -167.144683838 -154.840072632 0.517864924076 151930.0 196560.0 0.816
27.7940292358 -167.12197876 -154.894470215 0.545864626875 192435.0 192435.0 0.0
27.6898326874 -167.113739014 -154.919189453 0.581646181864 196667.0 196667.0 0.0
27.6593742371 -167.114974976 -154.925354004 0.586628600175 107782.0 196200.0 0.132
27.645898819 -167.114318848 -154.929626465 0.589048827344 182051.0 107782.0 0.904
27.5337371826 -167.122970581 -154.978485107 0.601214113624 182051.0 182051.0 0.0
27.3781909943 -167.169128418 -155.038589478 0.627178227921 195880.0 195880.0 0.0
27.3777675629 -167.169219971 -155.038787842 0.627281238937 196128.0 195880.0 0.988
27.3428821564 -167.17666626 -155.055114746 0.635762479231 196128.0 196128.0 0.0
27.2857227325 -167.192855835 -155.073410034 0.646724147445 195512.0 182044.0 0.44
27.2744998932 -167.196380615 -155.078094482 0.648932922647 196127.0 195511.0 0.652
27.2519989014 -167.203826904 -155.085662842 0.652794925479 196113.0 195511.0 0.672
27.2425441742 -167.208099365 -155.088500977 0.653595345613 196113.0 196112.0 0.688
27.0627155304 -167.286880493 -155.173400879 0.680230645808 196022.0 196022.0 0.0
27.0367164612 -167.30645752 -155.186538696 0.684408239622 195887.0 195886.0 0.724
26.904668808 -167.383224487 -155.277130127 0.699965692567 117979.0 117979.0 0.0
26.883014679 -167.394119263 -155.292984009 0.703186055709 195788.0 181112.0 0.88
26.8375110626 -167.423721313 -155.326889038 0.707326803762 195788.0 195788.0 0.0
26.8189201355 -167.437316895 -155.340866089 0.710126531699 130452.0 63473.0 0.92
26.7659473419 -167.485015869 -155.382675171 0.716132458547 195879.0 130452.0 0.94
26.7405490875 -167.503631592 -155.40675354 0.717997001518 183479.0 181109.0 0.556
26.7112407684 -167.527145386 -155.439941406 0.719110789334 195643.0 195643.0 0.0
26.5783653259 -167.631439209 -155.576934814 0.724624714251 10764.0 10764.0 0.0
26.5718593597 -167.637069702 -155.583068848 0.72513341638 44062.0 44062.0 0.0
26.4503669739 -167.764328003 -155.72277832 0.724981168997 107548.0 107548.0 0.0
26.4383087158 -167.780181885 -155.736633301 0.725755835792 195375.0 117448.0 0.856
26.4051532745 -167.817169189 -155.777389526 0.725047083883 195376.0 195376.0 0.0
26.3753261566 -167.844818115 -155.818374634 0.722330535949 115637.0 115637.0 0.0
26.3060760498 -167.922973633 -155.90196228 0.718514045337 115633.0 115633.0 0.0
26.218214035 -168.025115967 -156.021636963 0.713776215049 124617.0 124617.0 0.0
26.1474685669 -168.117401123 -156.124221802 0.709631053703 195078.0 195078.0 0.0
26.1236076355 -168.147949219 -156.163009644 0.706354470222 195094.0 61116.0 0.68
26.0771484375 -168.202255249 -156.227310181 0.700464387081 195093.0 195093.0 0.0
26.0251712799 -168.253417969 -156.298706055 0.699735014761 91696.0 194911.0 0.42
26.0137424469 -168.267807007 -156.316574097 0.70093025325 194878.0 194911.0 0.748
25.9783439636 -168.316833496 -156.369842529 0.701897000234 24451.0 159631.0 0.628
25.9670276642 -168.328353882 -156.390228271 0.699616393557 50678.0 194987.0 0.316
25.9462718964 -168.352630615 -156.436264038 0.694706845353 194986.0 194986.0 0.0
25.9180278778 -168.399017334 -156.509155273 0.68956587882 161018.0 161018.0 0.0
25.8582553864 -168.48828125 -156.631713867 0.676727981191 194872.0 71116.0 0.996
25.8582439423 -168.488876343 -156.632400513 0.676612521879 71116.0 149141.0 0.148
25.8584308624 -168.492263794 -156.635848999 0.67596482861 138778.0 149141.0 0.892
25.8227615356 -168.614364624 -156.78956604 0.661693143428 138776.0 138776.0 0.0
25.8161792755 -168.62663269 -156.811218262 0.660665172281 60040.0 60040.0 0.0
25.8106708527 -168.645294189 -156.839828491 0.657316035815 95666.0 50679.0 0.084
25.8046207428 -168.658721924 -156.865921021 0.653119033549 194565.0 194566.0 0.828
25.7957935333 -168.687530518 -156.926055908 0.64330018061 194564.0 194564.0 0.0
25.7351169586 -168.775863647 -157.068161011 0.62464889771 194380.0 194380.0 0.0
25.7231483459 -168.801101685 -157.115066528 0.624482097678 194335.0 194494.0 0.828
25.7110137939 -168.825942993 -157.148269653 0.621367232672 194496.0 18261.0 0.44
25.6956920624 -168.850021362 -157.191848755 0.613676022532 18261.0 105090.0 0.768
25.6913089752 -168.857009888 -157.207702637 0.61121627539 5760.0 105090.0 0.76
25.6818733215 -168.870880127 -157.245254517 0.603145545045 194051.0 194051.0 0.0
25.6535072327 -168.931152344 -157.343032837 0.581527014662 104717.0 194208.0 0.272
25.6393184662 -168.967193604 -157.412338257 0.574094981284 104717.0 63065.0 0.584
25.6094150543 -169.023223877 -157.539962769 0.575697525018 54345.0 54345.0 0.0
25.5943622589 -169.03755188 -157.592941284 0.580475091001 54346.0 54346.0 0.0
25.5721340179 -169.072921753 -157.662338257 0.584987641162 62806.0 194052.0 0.144
25.5657615662 -169.082382202 -157.684432983 0.586964961596 62806.0 193976.0 0.2
25.552570343 -169.101455688 -157.736068726 0.591167328004 94429.0 193976.0 0.28
25.5192012787 -169.149169922 -157.823989868 0.598963325514 194101.0 194098.0 0.136
25.5093517303 -169.161956787 -157.851196289 0.601993968659 253061.0 194101.0 0.632
25.4939823151 -169.187606812 -157.907501221 0.612256353915 253061.0 253062.0 0.764
25.4904079437 -169.191513062 -157.918319702 0.614094581296 194102.0 253062.0 0.912
25.4826526642 -169.199615479 -157.945358276 0.618535735337 215165.0 194102.0 0.232
25.4775028229 -169.206848145 -157.973052979 0.622047255559 63074.0 63074.0 0.0
25.4722499847 -169.250061035 -158.062561035 0.62438855277 239864.0 213062.0 0.012
25.473526001 -169.271118164 -158.119171143 0.627187217869 211390.0 206735.0 0.284
25.4705982208 -169.291549683 -158.179626465 0.631602767243 215162.0 206735.0 0.788
25.4640960693 -169.31968689 -158.240005493 0.636257646457 206721.0 215162.0 0.744
25.4648036957 -169.335586548 -158.272628784 0.640216197991 206721.0 206721.0 0.0
25.4581623077 -169.359634399 -158.32711792 0.646569693917 211385.0 206719.0 0.552
25.4532718658 -169.370880127 -158.35774231 0.650486493069 206719.0 206719.0 0.0
25.4532432556 -169.370986938 -158.358016968 0.650536179106 211384.0 206719.0 0.988
25.4509334564 -169.380065918 -158.381118774 0.654626996153 211384.0 211384.0 0.0
25.4504508972 -169.385528564 -158.39276123 0.656220316996 193887.0 193888.0 0.816
25.4423656464 -169.40687561 -158.435470581 0.659069555427 193887.0 180040.0 0.492
25.4349822998 -169.426010132 -158.475997925 0.662613024038 180040.0 76473.0 0.132
25.4317588806 -169.453948975 -158.528991699 0.669689473796 179194.0 76473.0 0.948
25.4286193848 -169.478851318 -158.585983276 0.679527829637 33348.0 193341.0 0.656
25.424823761 -169.493728638 -158.610961914 0.682469923592 180035.0 193651.0 0.58
25.4191131592 -169.521987915 -158.664825439 0.687647736863 193197.0 170418.0 0.876
25.4188308716 -169.58203125 -158.805953979 0.705441351284 114453.0 193192.0 0.808
25.4177894592 -169.590408325 -158.822021484 0.70847385962 193201.0 193192.0 0.5
25.417049408 -169.599838257 -158.83984375 0.711743581929 190618.0 193201.0 0.924
25.4149456024 -169.606872559 -158.853363037 0.71326086928 171660.0 193044.0 0.852
25.4149093628 -169.607192993 -158.854095459 0.713270482251 193047.0 193044.0 0.884
25.4141216278 -169.641983032 -158.942565918 0.71469573096 65062.0 65062.0 0.0
25.4141635895 -169.642318726 -158.943572998 0.714800039675 171653.0 65062.0 0.992
25.4193477631 -169.683242798 -159.069351196 0.727734320308 171653.0 171653.0 0.0
25.4196071625 -169.684844971 -159.075912476 0.72866360336 151533.0 151533.0 0.0
25.4198169708 -169.687820435 -159.088241577 0.729152964033 193450.0 193449.0 0.868
25.4199485779 -169.694564819 -159.112686157 0.730159473932 193450.0 193450.0 0.0
25.4172782898 -169.711593628 -159.174026489 0.733762167837 193281.0 193281.0 0.0
25.4174518585 -169.712844849 -159.181777954 0.733626928937 193283.0 193282.0 0.172
25.4163360596 -169.716659546 -159.20664978 0.732579445141 193335.0 193282.0 0.704
25.4124565125 -169.726577759 -159.264343262 0.730810605104 193334.0 193334.0 0.0
25.4100894928 -169.732849121 -159.300872803 0.730563319078 193332.0 193332.0 0.0
25.4100875854 -169.732849121 -159.300888062 0.730562786607 193213.0 193332.0 0.992
25.4099006653 -169.733169556 -159.302352905 0.73049676022 193213.0 193213.0 0.0
25.3972702026 -169.750747681 -159.399642944 0.729894207692 193310.0 193310.0 0.0
25.3977603912 -169.754730225 -159.422592163 0.729494815701 193309.0 193308.0 0.156
25.3885173798 -169.780715942 -159.542572021 0.729430829871 186061.0 186061.0 0.0
25.3868980408 -169.789474487 -159.592025757 0.7325375967 192889.0 192889.0 0.0
25.3815593719 -169.79624939 -159.63117981 0.733434242222 192753.0 192753.0 0.0
25.3814029694 -169.796585083 -159.632461548 0.733422081425 31825.0 192753.0 0.96
25.3776416779 -169.804519653 -159.663360596 0.733130222306 31825.0 31825.0 0.0
25.3728160858 -169.825637817 -159.771774292 0.73573749262 124179.0 171382.0 0.588
25.3713264465 -169.836578369 -159.844482422 0.739237586679 174935.0 171382.0 0.452
25.3686294556 -169.838607788 -159.871109009 0.740685494412 192853.0 174935.0 0.112
25.3683338165 -169.83883667 -159.872909546 0.7407246978 192852.0 192853.0 0.516
25.3681755066 -169.838928223 -159.873809814 0.740736645663 192852.0 192852.0 0.0
25.3656311035 -169.841278076 -159.893280029 0.740825732789 91003.0 91003.0 0.0
25.3496875763 -169.859863281 -160.049697876 0.742587089065 185706.0 185706.0 0.0
25.3446235657 -169.865463257 -160.137039185 0.744571030589 252781.0 179457.0 0.188
25.3436546326 -169.866470337 -160.146560669 0.744725740904 252781.0 252781.0 0.0
25.3389263153 -169.873580933 -160.202804565 0.74861312656 185705.0 185705.0 0.0
25.3389358521 -169.87562561 -160.233306885 0.749805397682 178969.0 178973.0 0.58
25.3384227753 -169.875991821 -160.253433228 0.750415936215 178970.0 178970.0 0.0
25.3280124664 -169.887512207 -160.434143066 0.753575563315 112161.0 112161.0 0.0
25.3229465485 -169.898864746 -160.491378784 0.75675120275 140254.0 144363.0 0.908
25.3229084015 -169.899688721 -160.497634888 0.756821479325 140253.0 144364.0 0.244
25.3228034973 -169.899856567 -160.499740601 0.756765623498 140253.0 140253.0 0.0
25.322183609 -169.899932861 -160.624298096 0.753751623981 195116.0 195116.0 0.0
25.3211650848 -169.901809692 -160.676971436 0.755041301899 195114.0 195114.0 0.0
25.3108978271 -169.887252808 -160.83380127 0.747373590497 192322.0 192322.0 0.0
25.3092441559 -169.885101318 -160.864196777 0.749178305373 192319.0 192319.0 0.0
25.3114452362 -169.877105713 -160.904586792 0.747123630896 192297.0 192297.0 0.0
25.3146190643 -169.853057861 -161.050613403 0.742252968466 203395.0 203395.0 0.0
25.3149967194 -169.851470947 -161.057876587 0.742296717911 150791.0 139723.0 0.008
25.296087265 -169.817703247 -161.213394165 0.736816143798 68565.0 68565.0 0.0
25.2959632874 -169.817504883 -161.214263916 0.736787254553 209467.0 209469.0 0.004
25.2871131897 -169.794265747 -161.319747925 0.733713989368 209466.0 209468.0 0.932
25.2863845825 -169.791763306 -161.32913208 0.73341067268 192023.0 209468.0 0.948
25.2713603973 -169.767669678 -161.413726807 0.731489942687 192019.0 192019.0 0.0
25.2701931 -169.765914917 -161.422348022 0.731203955877 139725.0 139725.0 0.0
25.2350921631 -169.711929321 -161.610397339 0.720822235306 191934.0 191934.0 0.0
25.2287311554 -169.706787109 -161.642379761 0.721076170705 191930.0 192038.0 0.16
25.205789566 -169.689163208 -161.726455688 0.721604017803 192043.0 192043.0 0.0
25.1927719116 -169.673080444 -161.788619995 0.720791014765 192042.0 192042.0 0.0
25.1871070862 -169.668029785 -161.809402466 0.720575666066 191321.0 191321.0 0.0
25.1609382629 -169.637466431 -161.926055908 0.720152452873 191842.0 191842.0 0.0
25.156545639 -169.631896973 -161.946533203 0.719884830878 191928.0 191760.0 0.432
25.1384105682 -169.617706299 -162.004425049 0.717120201831 191756.0 191756.0 0.0
25.1095333099 -169.578338623 -162.125427246 0.715685941959 173632.0 173632.0 0.0
25.0830230713 -169.551620483 -162.197433472 0.717392586678 191433.0 191433.0 0.0
25.0677452087 -169.539016724 -162.237487793 0.716926359829 191432.0 1542.0 0.192
25.0225639343 -169.498260498 -162.372909546 0.717843354179 191310.0 191310.0 0.0
25.0141544342 -169.493408203 -162.388946533 0.717823899706 190969.0 190969.0 0.0
24.9782562256 -169.46786499 -162.469116211 0.716944951715 191157.0 191157.0 0.0
24.9738540649 -169.465072632 -162.479660034 0.71713839791 191159.0 191158.0 0.904
24.9240245819 -169.416656494 -162.609985352 0.722723147815 136714.0 143218.0 0.512
24.9083499908 -169.400421143 -162.643875122 0.724872639992 106793.0 106793.0 0.0
24.8772754669 -169.371734619 -162.725845337 0.730134032449 191087.0 191087.0 0.0
24.8676052094 -169.364440918 -162.744659424 0.730421167031 40148.0 106794.0 0.036
24.809545517 -169.316436768 -162.879974365 0.739638904324 190955.0 190955.0 0.0
24.7817707062 -169.293380737 -162.94569397 0.741636705328 190697.0 190796.0 0.312
24.7525501251 -169.258728027 -163.013961792 0.741514165169 184713.0 184713.0 0.0
24.7316951752 -169.235961914 -163.065444946 0.744665140941 190951.0 190951.0 0.0
24.6985912323 -169.217422485 -163.116348267 0.743449638993 110935.0 110935.0 0.0
24.6737861633 -169.196929932 -163.158355713 0.742148252726 190699.0 119496.0 0.308
24.6139431 -169.132873535 -163.264755249 0.739098856707 190700.0 190700.0 0.0
24.6023769379 -169.11907959 -163.287765503 0.736906121411 190690.0 190594.0 0.644
24.6016330719 -169.117996216 -163.289550781 0.736712069192 190549.0 190594.0 0.696
24.5454921722 -169.076980591 -163.371002197 0.726643941612 190593.0 120686.0 0.476
24.4966983795 -169.038604736 -163.433822632 0.722742625856 190415.0 190413.0 0.348
24.4894142151 -169.032409668 -163.441970825 0.722377007479 190416.0 190410.0 0.384
24.4448108673 -168.991577148 -163.499786377 0.718458388411 190306.0 190403.0 0.18
24.4370193481 -168.985122681 -163.511276245 0.717627465394 190306.0 190331.0 0.46
24.4288959503 -168.979415894 -163.522766113 0.716652375725 190331.0 190409.0 0.096
24.3868999481 -168.948745728 -163.568206787 0.70822903717 190143.0 190309.0 0.736
24.3113059998 -168.899078369 -163.658111572 0.699613726897 190143.0 151587.0 0.88
24.3043327332 -168.893920898 -163.667572021 0.69913465126 190316.0 151587.0 0.908
24.2746868134 -168.869445801 -163.71647644 0.69770734305 189966.0 172935.0 0.88
24.2420768738 -168.842605591 -163.758804321 0.695181816281 41940.0 190190.0 0.72
24.2160396576 -168.820983887 -163.788497925 0.692758980106 190139.0 189455.0 0.216
24.1937484741 -168.803451538 -163.820266724 0.689521794623 190183.0 190139.0 0.424
24.1714477539 -168.791915894 -163.845825195 0.686081871001 189968.0 190183.0 0.988
24.1136646271 -168.748413086 -163.909225464 0.679638551064 179836.0 179836.0 0.0
24.052898407 -168.71282959 -163.967025757 0.669907675836 189978.0 189978.0 0.0
24.0045166016 -168.689453125 -164.020172119 0.663847908655 134658.0 76608.0 0.808
23.9790859222 -168.675674438 -164.053192139 0.660983915901 108462.0 108462.0 0.0
23.9492588043 -168.654174805 -164.086853027 0.656271115991 13280.0 45044.0 0.928
23.8667297363 -168.593734741 -164.155181885 0.642050372173 90733.0 53823.0 0.156
23.7976207733 -168.54473877 -164.229278564 0.63626461752 149347.0 111712.0 0.748
23.7355041504 -168.495956421 -164.284454346 0.634086129211 189642.0 134660.0 0.48
23.699508667 -168.46774292 -164.310394287 0.634264052615 189642.0 189643.0 0.696
23.6692409515 -168.445755005 -164.335494995 0.634678199935 134661.0 134659.0 0.68
23.6439990997 -168.42401123 -164.362365723 0.634577122097 77794.0 90730.0 0.096
23.6396331787 -168.420349121 -164.366104126 0.634537126825 77794.0 111740.0 0.04
23.5309963226 -168.359939575 -164.432495117 0.629454894156 45040.0 30602.0 0.268
23.5063762665 -168.346954346 -164.452346802 0.628932803959 43779.0 111714.0 0.736
23.3962421417 -168.271026611 -164.527160645 0.628188680913 111711.0 46791.0 0.032
23.3902664185 -168.267166138 -164.531860352 0.6285926786 111711.0 189340.0 0.264
23.3759860992 -168.261077881 -164.541885376 0.62902132374 41772.0 189340.0 0.712
23.3061618805 -168.226226807 -164.580627441 0.627983740947 145926.0 145926.0 0.0
23.2591381073 -168.20149231 -164.616607666 0.627088129769 189345.0 189346.0 0.244
23.2011890411 -168.168319702 -164.649642944 0.626305346781 189426.0 189346.0 0.336
23.1519584656 -168.140640259 -164.678573608 0.627310801002 189067.0 189067.0 0.0
23.0642623901 -168.098434448 -164.726196289 0.618246236526 116800.0 116800.0 0.0
22.9599266052 -168.045532227 -164.799850464 0.612998732938 135034.0 135034.0 0.0
22.9462928772 -168.037887573 -164.806762695 0.612050185611 16282.0 83546.0 0.064
22.8162822723 -167.987503052 -164.878570557 0.607542323155 168817.0 168817.0 0.0
22.7268886566 -167.949554443 -164.921096802 0.605569365563 83545.0 83545.0 0.0
22.6885108948 -167.932281494 -164.941833496 0.603944946504 154248.0 154248.0 0.0
22.5771160126 -167.877426147 -164.997406006 0.600454763062 184037.0 184037.0 0.0
22.507598877 -167.848251343 -165.038040161 0.60138384771 101728.0 101728.0 0.0
22.5059833527 -167.847366333 -165.038879395 0.601529673072 61886.0 101728.0 0.984
22.4065704346 -167.792541504 -165.090270996 0.610497932841 61886.0 61886.0 0.0
22.4046573639 -167.791259766 -165.091079712 0.610642420511 188868.0 52087.0 0.988
22.2458667755 -167.716110229 -165.167877197 0.621579386017 188564.0 188564.0 0.0
22.1853790283 -167.689407349 -165.201416016 0.637748964364 188706.0 188706.0 0.0
22.1559238434 -167.674972534 -165.216629028 0.644892758246 188567.0 188707.0 0.644
22.1226711273 -167.657501221 -165.237731934 0.653113136231 188563.0 188567.0 0.728
22.0856800079 -167.644546509 -165.259887695 0.661420748421 168811.0 188563.0 0.576
22.0281772614 -167.613677979 -165.292419434 0.671834369729 187955.0 148443.0 0.412
22.0080318451 -167.604019165 -165.300079346 0.675172837871 187955.0 187955.0 0.0
21.982421875 -167.588424683 -165.310974121 0.679676898919 188695.0 188697.0 0.2
21.9384937286 -167.567474365 -165.329391479 0.6855106953 188694.0 188701.0 0.484
21.9290218353 -167.564437866 -165.333374023 0.685907920953 51653.0 188701.0 0.608
21.8134727478 -167.50541687 -165.382553101 0.686646708536 111105.0 151273.0 0.804
21.7150440216 -167.471008301 -165.419464111 0.692612823389 11831.0 11831.0 0.0
21.6891613007 -167.456939697 -165.434631348 0.693023793194 106884.0 106884.0 0.0
21.5161304474 -167.388259888 -165.500473022 0.699763711403 187456.0 187456.0 0.0
21.4800891876 -167.378631592 -165.510437012 0.702636822539 106886.0 187697.0 0.068
21.3991966248 -167.344497681 -165.531784058 0.705701247386 187471.0 188676.0 0.312
21.3629379272 -167.33430481 -165.539916992 0.706751364131 187471.0 153971.0 0.492
21.3246002197 -167.32371521 -165.547317505 0.707660182114 153973.0 153971.0 0.868
21.246307373 -167.297897339 -165.571166992 0.713217775747 187459.0 187459.0 0.0
21.2373809814 -167.295501709 -165.573181152 0.713251612352 187502.0 187460.0 0.976
21.0613880157 -167.24230957 -165.638244629 0.729498407071 142371.0 177429.0 0.884
21.0346088409 -167.238388062 -165.646606445 0.732175689703 183005.0 187016.0 0.08
21.0129909515 -167.23286438 -165.654144287 0.734065866905 188606.0 183005.0 0.816
20.9242935181 -167.204071045 -165.668197632 0.737808182541 188606.0 188606.0 0.0
20.8858509064 -167.195495605 -165.670883179 0.739162840994 184832.0 187019.0 0.68
20.8093795776 -167.173278809 -165.674880981 0.742110098065 142373.0 142373.0 0.0
20.7552490234 -167.156936646 -165.678390503 0.745610558484 188225.0 188227.0 0.24
20.6974697113 -167.145324707 -165.683227539 0.748231182866 188226.0 188226.0 0.0
20.5905723572 -167.128860474 -165.694366455 0.743405658299 186680.0 186680.0 0.0
20.5458908081 -167.125671387 -165.697341919 0.741141894473 51438.0 51438.0 0.0
20.4380569458 -167.128005981 -165.714599609 0.728605454592 39480.0 39480.0 0.0
20.2673854828 -167.142990112 -165.739944458 0.715102517409 89220.0 89220.0 0.0
20.251625061 -167.14402771 -165.741897583 0.713278175687 51509.0 51509.0 0.0
20.1376476288 -167.143692017 -165.761444092 0.701299585796 73299.0 187067.0 0.968
20.0093097687 -167.149154663 -165.768493652 0.694648649996 187084.0 185794.0 0.54
19.9824542999 -167.148162842 -165.771438599 0.693705984492 96759.0 185793.0 0.676
19.9197425842 -167.138168335 -165.779067993 0.689526507038 67115.0 89225.0 0.84
19.8091468811 -167.127655029 -165.783737183 0.685079212061 182844.0 86908.0 0.544
19.7799625397 -167.127120972 -165.783081055 0.683869435542 182844.0 182847.0 0.752
19.722776413 -167.123062134 -165.785568237 0.682141035792 103178.0 89218.0 0.62
19.6431407928 -167.112548828 -165.788986206 0.680444615338 185486.0 185486.0 0.0
19.6199169159 -167.108291626 -165.790313721 0.680056734594 185485.0 124828.0 0.068
19.5004463196 -167.092041016 -165.790664673 0.678210943935 81551.0 81551.0 0.0
19.3776988983 -167.081130981 -165.796051025 0.676779741373 164445.0 67126.0 0.184
19.3280620575 -167.071121216 -165.7996521 0.677107852442 49112.0 175380.0 0.292
19.2763767242 -167.066604614 -165.800384521 0.675102208795 159470.0 159470.0 0.0
19.1337852478 -167.061401367 -165.798187256 0.673430131851 186349.0 186349.0 0.0
19.0329494476 -167.066345215 -165.803222656 0.667201715795 207057.0 207057.0 0.0
18.9417591095 -167.072158813 -165.808441162 0.665415137431 186039.0 186039.0 0.0
18.929649353 -167.073196411 -165.807632446 0.66442909867 186038.0 186037.0 0.02
18.7951488495 -167.098205566 -165.812026978 0.653370190354 185138.0 185138.0 0.0
18.7950267792 -167.098220825 -165.812026978 0.653363605201 185137.0 185138.0 0.996
18.7646846771 -167.100585938 -165.811355591 0.651723902125 185137.0 185137.0 0.0
18.6226882935 -167.134338379 -165.811981201 0.641258425065 185144.0 185148.0 0.004
18.6221809387 -167.134490967 -165.812026978 0.64127771513 185144.0 185145.0 0.016
18.5530529022 -167.153640747 -165.810943604 0.639860165957 125802.0 125802.0 0.0
18.4176387787 -167.202392578 -165.801681519 0.632977831465 83286.0 83286.0 0.0
18.4139289856 -167.203094482 -165.801498413 0.633040582502 129891.0 129891.0 0.0
18.2940921783 -167.237808228 -165.792633057 0.635880599824 184088.0 184088.0 0.0
18.190536499 -167.281082153 -165.780181885 0.637130448859 22878.0 184087.0 0.512
18.1639194489 -167.292434692 -165.775543213 0.638743206487 22878.0 183679.0 0.892
18.1462078094 -167.300582886 -165.77507019 0.639555573195 183679.0 183680.0 0.188
18.0696048737 -167.332275391 -165.773712158 0.642439623622 183680.0 183680.0 0.0
18.0638999939 -167.334014893 -165.773239136 0.642768936329 136468.0 183681.0 0.888
18.0194778442 -167.347259521 -165.769592285 0.645366272966 136468.0 136468.0 0.0
17.9577102661 -167.368362427 -165.75958252 0.651730264149 208317.0 208317.0 0.0
17.9575786591 -167.368408203 -165.759552002 0.651748332621 208316.0 208317.0 0.996
17.9246177673 -167.381118774 -165.751480103 0.656247382109 208316.0 208316.0 0.0
17.9191741943 -167.383560181 -165.749725342 0.656862056531 174051.0 174050.0 0.012
17.7988319397 -167.432250977 -165.732086182 0.662793417815 136467.0 136467.0 0.0
17.7344245911 -167.461242676 -165.724563599 0.668538486031 183143.0 183143.0 0.0
17.7040786743 -167.478439331 -165.717773438 0.669971114334 183715.0 34568.0 0.084
17.6868553162 -167.488677979 -165.715927124 0.669795843078 102015.0 183720.0 0.492
17.6189899445 -167.525497437 -165.720108032 0.663127992673 182592.0 182592.0 0.0
17.4469661713 -167.630355835 -165.702301025 0.664158620825 182225.0 183187.0 0.94
17.4449119568 -167.631439209 -165.702255249 0.664296461145 183185.0 183187.0 0.908
17.428976059 -167.640014648 -165.699127197 0.664479729793 183186.0 183189.0 0.568
17.3971195221 -167.662246704 -165.694885254 0.66288745526 150500.0 48912.0 0.36
17.3346118927 -167.698379517 -165.690582275 0.659329885025 183117.0 183117.0 0.0
17.2354469299 -167.739929199 -165.680130005 0.657662199861 105571.0 129147.0 0.068
17.2238178253 -167.74621582 -165.678283691 0.657810151069 105055.0 105571.0 0.824
17.1698055267 -167.778366089 -165.674423218 0.658738892652 181735.0 181735.0 0.0
17.1294651031 -167.804702759 -165.666900635 0.660276575489 116465.0 116465.0 0.0
17.127494812 -167.805725098 -165.666641235 0.660112439395 181174.0 15290.0 0.996
16.9555206299 -167.929977417 -165.648529053 0.652509135397 116689.0 181179.0 0.144
16.9430961609 -167.936187744 -165.64642334 0.652823750312 180640.0 33378.0 0.472
16.8716945648 -167.985122681 -165.626083374 0.648138113064 166765.0 166765.0 0.0
16.7893695831 -168.031005859 -165.592346191 0.645125172294 47323.0 47323.0 0.0
16.7088451385 -168.101852417 -165.569839478 0.64381725449 158920.0 108619.0 0.856
16.68516922 -168.118530273 -165.563613892 0.643818775184 180227.0 108619.0 0.712
16.6458110809 -168.142745972 -165.549957275 0.642770483776 162887.0 180227.0 0.356
16.5429496765 -168.229980469 -165.498596191 0.640687503772 158918.0 158918.0 0.0
16.5074920654 -168.250976562 -165.480651855 0.640572717531 156866.0 107832.0 0.116
16.4060630798 -168.338439941 -165.423492432 0.640181774215 157395.0 157395.0 0.0
16.3560695648 -168.400588989 -165.393234253 0.643143099984 102467.0 76110.0 0.092
16.3477420807 -168.408920288 -165.38923645 0.643431324184 102467.0 132966.0 0.22
16.3214073181 -168.432342529 -165.374389648 0.644127753335 150660.0 132966.0 0.952
16.2501010895 -168.517547607 -165.32371521 0.645310790775 52309.0 3727.0 0.004
16.240114212 -168.534454346 -165.315841675 0.64506449453 179706.0 179701.0 0.092
16.1921920776 -168.602859497 -165.290130615 0.641958580436 67408.0 79860.0 0.084
16.141456604 -168.695846558 -165.259185791 0.64437756625 179695.0 179698.0 0.96
16.1402378082 -168.697570801 -165.258636475 0.644438910087 179698.0 30497.0 0.06
16.1012573242 -168.756515503 -165.233001709 0.644549977889 179696.0 179696.0 0.0
16.0636005402 -168.84677124 -165.197555542 0.641142731213 76103.0 76103.0 0.0
16.0281600952 -168.923461914 -165.168838501 0.639379238239 172235.0 172235.0 0.0
15.9956169128 -169.03125 -165.13269043 0.640789904047 177700.0 177701.0 0.72
15.9911794662 -169.04335022 -165.128311157 0.641312415178 177702.0 177701.0 0.784
15.9775009155 -169.068222046 -165.118804932 0.640176666311 172238.0 177020.0 0.7
15.9652051926 -169.096008301 -165.110046387 0.638439973458 178345.0 177020.0 0.528
15.9521074295 -169.129058838 -165.097000122 0.635968091933 178344.0 178344.0 0.0
15.9211111069 -169.278900146 -165.025558472 0.63271017818 177756.0 177756.0 0.0
15.9044418335 -169.331787109 -165.005310059 0.637305608124 177755.0 177755.0 0.0
15.8884363174 -169.419021606 -164.967819214 0.637605295494 177749.0 177747.0 0.196
15.8763484955 -169.46206665 -164.946853638 0.638828688218 177750.0 177740.0 0.144
15.8612861633 -169.52947998 -164.923629761 0.639915347367 177818.0 177818.0 0.0
15.8589935303 -169.605621338 -164.90335083 0.633006934191 177814.0 177814.0 0.0
15.8583478928 -169.671569824 -164.88609314 0.623049796593 142921.0 142921.0 0.0
15.8577528 -169.682647705 -164.883956909 0.621008562254 105754.0 144902.0 0.016
15.8599042892 -169.799362183 -164.851379395 0.607715686983 144901.0 144901.0 0.0
15.8619089127 -169.867263794 -164.839553833 0.59991422881 173057.0 173057.0 0.0
15.8622217178 -169.879364014 -164.838699341 0.598605242303 173058.0 112668.0 0.98
15.8593473434 -170.003067017 -164.819885254 0.590532925401 143159.0 143159.0 0.0
15.8642148972 -170.05279541 -164.810317993 0.58987038468 176443.0 176443.0 0.0
15.8640232086 -170.058319092 -164.809936523 0.589739552192 176449.0 176450.0 0.996
15.8671245575 -170.10256958 -164.805084229 0.586113496779 176444.0 176444.0 0.0
15.8707494736 -170.226348877 -164.783203125 0.580747172211 175144.0 175144.0 0.0
15.8775510788 -170.276855469 -164.775863647 0.580886991256 70611.0 70611.0 0.0
15.8954753876 -170.399505615 -164.764175415 0.578860406333 98310.0 98310.0 0.0
15.8988771439 -170.436904907 -164.758926392 0.580152678116 175075.0 175075.0 0.0
15.9125261307 -170.514480591 -164.745132446 0.57731541021 175087.0 175087.0 0.0
15.9125318527 -170.514526367 -164.745132446 0.57731365163 170585.0 175087.0 0.996
15.914065361 -170.527557373 -164.743743896 0.576875765365 170585.0 170585.0 0.0
15.9478769302 -170.663345337 -164.721755981 0.575312106814 39145.0 39145.0 0.0
15.9575614929 -170.692993164 -164.716995239 0.577528762837 174480.0 122758.0 0.036
15.9849834442 -170.750823975 -164.705001831 0.580257709568 174740.0 174782.0 0.068
15.9866666794 -170.75402832 -164.704101562 0.580372272537 174740.0 174740.0 0.0
15.9934043884 -170.768356323 -164.700027466 0.581301963232 174784.0 174747.0 0.008
16.015789032 -170.827926636 -164.689620972 0.582405653975 255327.0 255327.0 0.0
16.0310459137 -170.872909546 -164.682250977 0.586310897473 255328.0 255328.0 0.0
16.0544185638 -170.925506592 -164.673080444 0.591126340162 255326.0 255326.0 0.0
16.0854606628 -171.007278442 -164.659912109 0.595444636551 94623.0 28920.0 0.82
16.0919303894 -171.024719238 -164.656234741 0.596471319119 28920.0 175497.0 0.028
16.1330776215 -171.105117798 -164.634017944 0.603871685984 175497.0 175497.0 0.0
16.1400623322 -171.118255615 -164.632232666 0.606088247804 174778.0 175498.0 0.732
16.154718399 -171.143539429 -164.630111694 0.610014462453 174778.0 5533.0 0.128
16.1859645844 -171.190841675 -164.6199646 0.616516951842 5533.0 39148.0 0.132
16.2205047607 -171.261138916 -164.60043335 0.626464558809 39148.0 39148.0 0.0
16.2377147675 -171.292236328 -164.59564209 0.633093626496 148495.0 167897.0 0.848
16.2585868835 -171.321136475 -164.589553833 0.638464304608 148495.0 167896.0 0.084
16.3344402313 -171.434631348 -164.572692871 0.665097630826 28919.0 148492.0 0.636
16.340013504 -171.44128418 -164.570907593 0.666944196591 167898.0 148492.0 0.736
16.3930397034 -171.513458252 -164.556381226 0.685578913043 66265.0 167904.0 0.58
16.4318122864 -171.574432373 -164.543792725 0.702027972234 101632.0 15320.0 0.556
16.4576206207 -171.605331421 -164.536590576 0.711428317956 174220.0 174193.0 0.136
16.5358886719 -171.710479736 -164.517929077 0.745092573867 174199.0 182191.0 0.44
16.5980072021 -171.783615112 -164.496047974 0.774513452793 182190.0 172518.0 0.544
16.6705284119 -171.857955933 -164.463363647 0.809450112647 182192.0 70009.0 0.012
16.6761665344 -171.864624023 -164.461639404 0.812427333694 182193.0 173719.0 0.096
16.7244091034 -171.920776367 -164.450637817 0.837778179927 173719.0 174216.0 0.08
16.8064785004 -172.027236938 -164.401275635 0.880122876826 61833.0 174215.0 0.108
16.8119373322 -172.035110474 -164.397598267 0.88319157369 61833.0 172517.0 0.032
16.8967037201 -172.135910034 -164.342437744 0.932324670831 174231.0 174231.0 0.0
16.9063224792 -172.147155762 -164.337799072 0.938007963157 44295.0 43969.0 0.076
16.9936161041 -172.261230469 -164.264358521 0.988142133955 174189.0 174189.0 0.0
17.0880508423 -172.385513306 -164.172912598 1.04349391489 173729.0 173729.0 0.0
17.1036224365 -172.40196228 -164.160644531 1.05258879967 173325.0 152279.0 0.956
17.1809978485 -172.50050354 -164.097457886 1.09984285242 73494.0 166186.0 0.156
17.240196228 -172.593765259 -163.997177124 1.14123657183 75634.0 174183.0 0.348
17.2626438141 -172.625732422 -163.954177856 1.15416292012 98309.0 82108.0 0.38
17.299785614 -172.69190979 -163.883956909 1.17722279531 38637.0 174004.0 0.88
17.3034229279 -172.699111938 -163.874938965 1.17925621533 174004.0 174414.0 0.084
17.3428649902 -172.763595581 -163.77822876 1.20616858814 174414.0 15885.0 0.636
17.3685379028 -172.806091309 -163.722961426 1.21844598548 130724.0 130724.0 0.0
17.3696403503 -172.81048584 -163.71307373 1.21900296897 98036.0 174005.0 0.92
17.3775291443 -172.835739136 -163.669204712 1.2206974266 103935.0 174180.0 0.268
17.3810119629 -172.845031738 -163.65057373 1.2207217843 174395.0 140721.0 0.648
17.3669509888 -172.907287598 -163.576477051 1.18960981899 73712.0 93547.0 0.3
17.3558940887 -173.061523438 -163.412460327 1.11817765922 174059.0 174059.0 0.0
17.354341507 -173.067626953 -163.404464722 1.11579270196 174061.0 174058.0 0.968
17.360168457 -173.220993042 -163.258010864 1.05149618669 24968.0 165255.0 0.172
17.3610153198 -173.226318359 -163.253326416 1.04957386064 24968.0 85128.0 0.268
17.3727836609 -173.297546387 -163.185531616 1.02497880412 176163.0 176163.0 0.0
17.3732757568 -173.303665161 -163.177001953 1.0232238205 176159.0 176159.0 0.0
17.3757705688 -173.329788208 -163.145263672 1.01332343617 126444.0 126444.0 0.0
17.4272346497 -173.598983765 -162.905502319 0.954386775597 124707.0 124707.0 0.0
17.4599075317 -173.694244385 -162.844223022 0.937752705485 174834.0 174834.0 0.0
17.5438938141 -173.907592773 -162.674911499 0.925572305039 134704.0 134704.0 0.0
17.5557861328 -173.927734375 -162.660522461 0.925242290596 176814.0 176814.0 0.0
17.6230373383 -174.046417236 -162.591629028 0.913523888692 176377.0 122634.0 0.388
17.6609134674 -174.104827881 -162.559005737 0.910063321623 176377.0 173940.0 0.632
17.6980018616 -174.153411865 -162.534576416 0.908174000704 25861.0 173940.0 0.3
17.7002105713 -174.156738281 -162.532012939 0.908135713614 25861.0 173769.0 0.264
17.7281570435 -174.191757202 -162.513259888 0.906265590048 134605.0 174821.0 0.536
17.7649517059 -174.24407959 -162.489746094 0.904222121821 134605.0 130748.0 0.312
17.8138961792 -174.320220947 -162.457260132 0.904204246823 130748.0 174840.0 0.74
17.8401851654 -174.355026245 -162.442199707 0.905292755803 75633.0 177397.0 0.648
17.8754787445 -174.396591187 -162.425888062 0.905711471408 176810.0 177538.0 0.144
17.9775848389 -174.547927856 -162.37159729 0.913661582544 178047.0 178047.0 0.0
18.0448951721 -174.642166138 -162.333251953 0.914572738103 116286.0 18683.0 0.504
18.1096630096 -174.741012573 -162.291778564 0.924136834328 178046.0 178046.0 0.0
18.1296634674 -174.773773193 -162.294281006 0.922479975309 175326.0 175326.0 0.0
18.2080478668 -174.923995972 -162.252349854 0.925491552837 173240.0 23037.0 0.748
18.2411746979 -175.004394531 -162.236373901 0.931052761507 10474.0 10474.0 0.0
18.2708187103 -175.060943604 -162.224853516 0.934829528185 177341.0 177341.0 0.0
18.2907066345 -175.107727051 -162.212478638 0.936710414653 155275.0 155275.0 0.0
18.3278694153 -175.190292358 -162.195571899 0.944448995383 178599.0 178599.0 0.0
18.3279705048 -175.190490723 -162.195526123 0.944475335749 118621.0 178599.0 0.996
18.3531265259 -175.239837646 -162.184844971 0.951034086882 118621.0 118621.0 0.0
18.353307724 -175.240188599 -162.184814453 0.951093387991 178571.0 118621.0 0.992
18.3757801056 -175.284057617 -162.18119812 0.95844672555 178571.0 178571.0 0.0
18.3849525452 -175.301834106 -162.181015015 0.961848742184 176805.0 179257.0 0.004
18.4249973297 -175.392929077 -162.170440674 0.976541121733 179266.0 179266.0 0.0
18.4261493683 -175.395172119 -162.170089722 0.977007285659 179262.0 179266.0 0.968
18.4610233307 -175.462814331 -162.159683228 0.991108744414 179262.0 179262.0 0.0
18.4751663208 -175.494247437 -162.154006958 0.997490586458 108108.0 59167.0 0.748
18.4859638214 -175.515640259 -162.148529053 1.00213535345 178555.0 108108.0 0.704
18.4929237366 -175.529312134 -162.146621704 1.0047495557 178555.0 178555.0 0.0
18.4929447174 -175.529342651 -162.146606445 1.00475710019 177936.0 178555.0 0.996
18.4981403351 -175.538619995 -162.144470215 1.00663567883 177936.0 177936.0 0.0
18.5057601929 -175.553497314 -162.14175415 1.00940582104 176217.0 176216.0 0.956
18.5505905151 -175.677734375 -162.127471924 1.02031810622 176217.0 175784.0 0.46
18.5661373138 -175.718719482 -162.118591309 1.02558806356 175783.0 179247.0 0.064
18.5685443878 -175.725997925 -162.115951538 1.02570942319 176213.0 175783.0 0.204
18.5689201355 -175.727493286 -162.115493774 1.02565125556 176213.0 175705.0 0.064
18.5750656128 -175.770965576 -162.107299805 1.0189977748 23761.0 176220.0 0.008
18.5907363892 -175.939865112 -162.061462402 0.996845364621 123274.0 18407.0 0.7
18.5931453705 -175.973220825 -162.049362183 0.994297405286 176663.0 176760.0 0.628
18.5997848511 -176.049911499 -162.02671814 0.985569680801 175779.0 92367.0 0.86
18.5999450684 -176.092559814 -162.019683838 0.978770467034 144685.0 176666.0 0.376
18.5899066925 -176.240402222 -161.982452393 0.952731837029 176671.0 176671.0 0.0
18.5459480286 -176.445465088 -161.917617798 0.92904160999 162923.0 176688.0 0.856
18.5422058105 -176.460693359 -161.911056519 0.927995803233 88037.0 176689.0 0.792
18.5138492584 -176.601852417 -161.86000061 0.922239792769 74325.0 61489.0 0.844
18.5120830536 -176.614486694 -161.856658936 0.921974448581 56519.0 61489.0 0.648
18.5060195923 -176.650360107 -161.845077515 0.921128079262 177473.0 56519.0 0.884
18.4414901733 -176.836013794 -161.781280518 0.91093187527 177504.0 177504.0 0.0
18.4112682343 -176.896713257 -161.753601074 0.909496934698 178007.0 178005.0 0.132
18.4015903473 -176.926132202 -161.74307251 0.908459279227 178008.0 178009.0 0.376
18.3934860229 -176.951965332 -161.731964111 0.908068465774 76885.0 178008.0 0.892
18.2431964874 -177.171295166 -161.63722229 0.895663607203 134180.0 134180.0 0.0
18.1968231201 -177.207885742 -161.619522095 0.891673350124 111945.0 111945.0 0.0
18.1590061188 -177.237304688 -161.606719971 0.885691985064 177491.0 177491.0 0.0
18.0532951355 -177.323410034 -161.566375732 0.875475254402 178638.0 178638.0 0.0
17.8597335815 -177.45866394 -161.499588013 0.861152300149 178670.0 178670.0 0.0
17.8521537781 -177.46282959 -161.496368408 0.860902660848 179873.0 98067.0 0.028
17.8150234222 -177.47479248 -161.483596802 0.853973495027 176888.0 176888.0 0.0
17.6669616699 -177.555221558 -161.433776855 0.830583084124 180248.0 180249.0 0.4
17.6011962891 -177.582855225 -161.407287598 0.823932336765 180247.0 180248.0 0.068
17.5916786194 -177.586547852 -161.403091431 0.823113833098 180242.0 180247.0 0.932
17.4853668213 -177.612564087 -161.364303589 0.810744639562 180241.0 180241.0 0.0
17.4352531433 -177.62437439 -161.352462769 0.80227080416 95334.0 95334.0 0.0
17.3392276764 -177.646484375 -161.325424194 0.785633602102 61409.0 61409.0 0.0
17.1919956207 -177.660446167 -161.276504517 0.765993355462 180704.0 180704.0 0.0
17.0157852173 -177.684646606 -161.223892212 0.747691866324 181774.0 181774.0 0.0
16.9611530304 -177.68611145 -161.219192505 0.73747098846 181776.0 181776.0 0.0
16.8148517609 -177.669647217 -161.19744873 0.706467820514 182700.0 182700.0 0.0
16.7874698639 -177.664169312 -161.191482544 0.700402030971 182698.0 182698.0 0.0
16.680557251 -177.656784058 -161.186386108 0.673319880246 25239.0 25239.0 0.0
16.4815692902 -177.640792847 -161.16545105 0.63446071248 61487.0 61487.0 0.0
16.2179069519 -177.648376465 -161.172317505 0.600934237008 180271.0 180271.0 0.0
16.1630897522 -177.641113281 -161.167434692 0.598233611042 180727.0 180728.0 0.94
16.016160965 -177.642791748 -161.143341064 0.592853001511 75648.0 110181.0 0.916
15.9658689499 -177.639678955 -161.139282227 0.59368313027 176458.0 176459.0 0.992
15.7936229706 -177.666152954 -161.134933472 0.600489259774 176462.0 176462.0 0.0
15.7750234604 -177.667358398 -161.128356934 0.603214154684 181797.0 181797.0 0.0
15.6007614136 -177.704452515 -161.106811523 0.610372839112 183740.0 95093.0 0.084
15.5921621323 -177.706695557 -161.104660034 0.611366502664 183215.0 183740.0 0.692
15.5575628281 -177.71812439 -161.09942627 0.613732868093 91016.0 91016.0 0.0
15.4131889343 -177.761383057 -161.06678772 0.617547774471 154643.0 154643.0 0.0
15.3701457977 -177.779129028 -161.053070068 0.619077915014 158882.0 129499.0 0.116
15.2418556213 -177.854034424 -161.01461792 0.62753453316 21384.0 21384.0 0.0
15.1884012222 -177.882095337 -160.996063232 0.63085618045 183806.0 183806.0 0.0
15.1204433441 -177.939422607 -160.973175049 0.630659213524 183807.0 183807.0 0.0
15.0074682236 -178.041732788 -160.923492432 0.638371493055 171239.0 171239.0 0.0
14.9462127686 -178.120742798 -160.904327393 0.651803366982 184474.0 184474.0 0.0
14.8696517944 -178.221191406 -160.878845215 0.659324599913 184136.0 184136.0 0.0
14.869556427 -178.221313477 -160.87878418 0.659344337989 68324.0 184136.0 0.996
14.8457012177 -178.252090454 -160.864562988 0.664259118976 68324.0 68324.0 0.0
14.790561676 -178.345565796 -160.822616577 0.67867392791 18734.0 18734.0 0.0
14.7901773453 -178.346084595 -160.822418213 0.678762500676 185288.0 18734.0 0.988
14.7585229874 -178.388793945 -160.805953979 0.686054991704 185288.0 185288.0 0.0
14.7584352493 -178.388946533 -160.805892944 0.686070754837 150961.0 185288.0 0.996
14.736697197 -178.427093506 -160.789871216 0.689995774932 150961.0 150961.0 0.0
14.7365484238 -178.427444458 -160.789718628 0.690028205967 186198.0 150961.0 0.996
14.6994104385 -178.514602661 -160.750595093 0.698103533588 186198.0 186198.0 0.0
14.6992330551 -178.515213013 -160.750305176 0.698173427526 160412.0 186198.0 0.992
14.6772441864 -178.590881348 -160.714309692 0.706840275867 160412.0 160412.0 0.0
14.6624116898 -178.620162964 -160.694137573 0.71128102283 166017.0 128913.0 0.96
14.6312627792 -178.723907471 -160.6199646 0.721516874281 87344.0 175873.0 0.924
14.6246271133 -178.742828369 -160.610122681 0.722926065675 69264.0 178202.0 0.74
14.6020593643 -178.901931763 -160.542068481 0.729791005494 90130.0 21939.0 0.928
14.6004753113 -178.912612915 -160.537994385 0.730342075874 75388.0 21939.0 0.952
14.5981626511 -179.039276123 -160.471191406 0.744450128772 184893.0 184893.0 0.0
14.5982465744 -179.040054321 -160.470657349 0.744540253566 82669.0 184893.0 0.98
14.6023740768 -179.078109741 -160.444534302 0.748956368487 82669.0 82669.0 0.0
14.6029663086 -179.153076172 -160.38873291 0.760119575279 187212.0 187212.0 0.0
14.6226768494 -179.248641968 -160.331069946 0.771495841375 136495.0 187104.0 0.112
14.623916626 -179.261825562 -160.323883057 0.773029572214 123807.0 133524.0 0.148
14.633187294 -179.304885864 -160.299636841 0.775079820824 123813.0 146078.0 0.76
14.6593732834 -179.398483276 -160.253158569 0.778233642408 106111.0 123801.0 0.1
14.6608543396 -179.405410767 -160.249908447 0.778453722961 173143.0 106111.0 0.876
14.6907491684 -179.490020752 -160.220657349 0.780568251653 123803.0 146073.0 0.292
14.7051200867 -179.51890564 -160.209365845 0.781109242078 52295.0 146073.0 0.628
14.7512998581 -179.628265381 -160.159820557 0.784989697214 123237.0 187775.0 0.608
14.7527770996 -179.633163452 -160.157943726 0.785046807235 123237.0 82668.0 0.976
14.753203392 -179.634231567 -160.157485962 0.785064279801 82668.0 187779.0 0.008
14.7830276489 -179.702667236 -160.131515503 0.785017827806 187776.0 185590.0 0.6
14.7931289673 -179.726989746 -160.121337891 0.783575182408 187794.0 187795.0 0.848
14.8141946793 -179.770111084 -160.105133057 0.783104568604 187778.0 187795.0 0.128
14.8164806366 -179.774459839 -160.103164673 0.783092110438 124549.0 187778.0 0.988
14.8757591248 -179.865402222 -160.064834595 0.783669240739 91378.0 91378.0 0.0
14.8802213669 -179.871200562 -160.061965942 0.783125716703 171083.0 124547.0 0.08
14.9261960983 -179.943832397 -160.034942627 0.779528409422 187262.0 187261.0 0.852
14.9412174225 -179.970489502 -160.023574829 0.778240371389 188033.0 188032.0 0.964
14.9994382858 -180.055206299 -159.983459473 0.776753614839 187155.0 182875.0 0.992
15.0114860535 -180.069458008 -159.977050781 0.776241913009 180139.0 112272.0 0.1
15.0161771774 -180.076019287 -159.974334717 0.775962839367 180139.0 187572.0 0.168
15.0889587402 -180.164321899 -159.932693481 0.769686196527 186164.0 187572.0 0.228
15.0981836319 -180.17666626 -159.927139282 0.769199102321 188043.0 186164.0 0.832
15.1126003265 -180.191940308 -159.92048645 0.767604378572 139258.0 182880.0 0.324
15.1972074509 -180.297744751 -159.874572754 0.762034358231 235153.0 235153.0 0.0
15.2300348282 -180.325912476 -159.85585022 0.759227972946 182888.0 182888.0 0.0
15.3553066254 -180.454849243 -159.768890381 0.756739987084 42034.0 42034.0 0.0
15.3863782883 -180.48815918 -159.740188599 0.757954470041 227641.0 227641.0 0.0
15.4373989105 -180.55078125 -159.700393677 0.758629720468 203024.0 203024.0 0.0
15.4455366135 -180.560272217 -159.694488525 0.75863269365 186492.0 217950.0 0.1
15.4884796143 -180.61138916 -159.657897949 0.758141103442 217949.0 217949.0 0.0
15.513967514 -180.643966675 -159.633102417 0.759539251193 212423.0 212423.0 0.0
15.5510377884 -180.690887451 -159.598754883 0.758512322546 227816.0 227815.0 0.52
15.5912294388 -180.74005127 -159.56578064 0.758114510026 227813.0 227813.0 0.0
15.6419782639 -180.800857544 -159.519577026 0.757779307645 225842.0 234015.0 0.74
15.6504230499 -180.811355591 -159.512969971 0.757771198255 234015.0 234013.0 0.536
15.6590251923 -180.822311401 -159.505599976 0.75765722743 234013.0 234014.0 0.092
15.7117624283 -180.891433716 -159.452651978 0.758323429764 38384.0 38384.0 0.0
15.7711906433 -180.963088989 -159.400054932 0.757733251229 220713.0 220713.0 0.0
15.8299179077 -181.036346436 -159.349960327 0.759196985442 239894.0 239894.0 0.0
15.8332738876 -181.040100098 -159.346755981 0.759021282774 237392.0 237388.0 0.9
15.8570098877 -181.070526123 -159.323242188 0.757847650608 207536.0 207536.0 0.0
15.91543293 -181.144454956 -159.273040771 0.759011241646 233001.0 233001.0 0.0
15.9188489914 -181.148910522 -159.269439697 0.758945124106 239926.0 239903.0 0.968
15.9720640182 -181.213394165 -159.221115112 0.75869735379 226085.0 226085.0 0.0
15.9883842468 -181.232650757 -159.207214355 0.758730311784 234022.0 234022.0 0.0
16.0021381378 -181.248764038 -159.194458008 0.758141954956 212239.0 212239.0 0.0
16.0729007721 -181.336730957 -159.129577637 0.758061101729 207530.0 207530.0 0.0
16.0796375275 -181.345809937 -159.123931885 0.758478970999 218281.0 218281.0 0.0
16.1232757568 -181.397705078 -159.086868286 0.756631111168 243123.0 243123.0 0.0
16.1551971436 -181.438522339 -159.055328369 0.757439022562 212564.0 212564.0 0.0
16.208480835 -181.50793457 -159.00668335 0.757872682341 243070.0 243070.0 0.0
16.2424716949 -181.548965454 -158.973739624 0.757800678882 243053.0 243053.0 0.0
16.2824115753 -181.598068237 -158.941238403 0.758317521083 240930.0 240930.0 0.0
16.2906322479 -181.607086182 -158.934234619 0.75793247196 214343.0 232839.0 0.948
16.3551654816 -181.687088013 -158.874755859 0.757549434219 210844.0 210844.0 0.0
16.4015159607 -181.747177124 -158.830291748 0.758712291408 233203.0 233203.0 0.0
16.4404258728 -181.796173096 -158.797698975 0.75727319485 212266.0 212266.0 0.0
16.4983348846 -181.873764038 -158.741897583 0.760743675997 213946.0 213946.0 0.0
16.5330467224 -181.9090271 -158.71446228 0.758175753941 232210.0 232210.0 0.0
16.59649086 -181.986923218 -158.657043457 0.757545469679 222528.0 222528.0 0.0
16.6179771423 -182.019195557 -158.63710022 0.759869100223 222516.0 222516.0 0.0
16.6398048401 -182.045959473 -158.615707397 0.759799278423 222515.0 222515.0 0.0
16.6574554443 -182.063949585 -158.600997925 0.758287320089 222264.0 232102.0 0.996
16.7193431854 -182.139312744 -158.548614502 0.758402572466 221372.0 221372.0 0.0
16.7234115601 -182.144424438 -158.544311523 0.758470684712 238186.0 238187.0 0.604
16.7283611298 -182.150772095 -158.539047241 0.758537937427 238186.0 238186.0 0.0
16.7632541656 -182.201004028 -158.50328064 0.759044768929 185642.0 185642.0 0.0
16.8475074768 -182.302307129 -158.429519653 0.758846030241 210425.0 210425.0 0.0
16.9055118561 -182.371337891 -158.377807617 0.758241014692 217367.0 217367.0 0.0
16.9193725586 -182.389404297 -158.367080688 0.758080874691 68632.0 68632.0 0.0
16.9858646393 -182.472915649 -158.301849365 0.758352096886 217365.0 217365.0 0.0
17.0386505127 -182.538589478 -158.258224487 0.757094804799 210879.0 210879.0 0.0
17.1003704071 -182.616149902 -158.202178955 0.757468075675 170826.0 170826.0 0.0
17.1055774689 -182.622589111 -158.196716309 0.75761566976 210519.0 210242.0 0.952
17.1567287445 -182.684265137 -158.151443481 0.758379015008 210517.0 210517.0 0.0
17.1634807587 -182.691818237 -158.145141602 0.757994569902 210532.0 210532.0 0.0
17.2363700867 -182.782867432 -158.080963135 0.759035055566 216727.0 216727.0 0.0
17.2751045227 -182.832077026 -158.042388916 0.757128267243 213345.0 213345.0 0.0
17.3387298584 -182.909667969 -157.988143921 0.758210456691 213343.0 213343.0 0.0
17.3458843231 -182.917739868 -157.981201172 0.758063028762 209571.0 210556.0 0.928
17.3931159973 -182.977279663 -157.936630249 0.757491468716 235354.0 235354.0 0.0
17.4349708557 -183.028198242 -157.899765015 0.758040494904 233647.0 233647.0 0.0
17.4486122131 -183.046936035 -157.886032104 0.757892883565 233641.0 233641.0 0.0
17.4801044464 -183.087921143 -157.858963013 0.757674411275 233633.0 233633.0 0.0
17.5669994354 -183.199111938 -157.778274536 0.759705781804 76616.0 76616.0 0.0
17.5676670074 -183.199890137 -157.777801514 0.759686529844 214291.0 213678.0 0.996
17.6429252625 -183.291915894 -157.713027954 0.75817642366 214286.0 214286.0 0.0
17.6757621765 -183.331985474 -157.678314209 0.758068793415 60055.0 60055.0 0.0
17.7306461334 -183.395599365 -157.633453369 0.758415191281 216936.0 216936.0 0.0
17.7423534393 -183.411499023 -157.621627808 0.758745931185 216947.0 216945.0 0.772
17.7790908813 -183.462310791 -157.584457397 0.759892066654 216942.0 216942.0 0.0
17.7790927887 -183.462310791 -157.584457397 0.759891949352 209399.0 216942.0 0.992
17.7793331146 -183.46257019 -157.584228516 0.759877403994 209399.0 209399.0 0.0
17.8525276184 -183.551742554 -157.520599365 0.757374281515 228300.0 228300.0 0.0
17.8693084717 -183.570648193 -157.509048462 0.757734349467 232397.0 232398.0 0.016
17.942987442 -183.665283203 -157.439208984 0.759716720762 228340.0 228340.0 0.0
17.9893302917 -183.720275879 -157.396087646 0.757920203734 1339.0 1339.0 0.0
18.0001296997 -183.734771729 -157.38583374 0.757687072349 460.0 210700.0 0.076
18.0692214966 -183.816253662 -157.327957153 0.758125068158 226222.0 226222.0 0.0
18.136302948 -183.897674561 -157.26663208 0.757284552277 208444.0 208444.0 0.0
18.1959781647 -183.980621338 -157.206558228 0.757629489672 216826.0 216826.0 0.0
18.2374839783 -184.029266357 -157.173660278 0.757695769698 212472.0 212472.0 0.0
18.296339035 -184.102523804 -157.11946106 0.758203180579 232442.0 232442.0 0.0
18.296995163 -184.10333252 -157.11895752 0.758172621236 232440.0 232436.0 0.004
18.3651256561 -184.187561035 -157.059234619 0.757102290685 225750.0 225750.0 0.0
18.365447998 -184.188018799 -157.058883667 0.757108672483 217001.0 225750.0 0.976
18.3785820007 -184.206802368 -157.044525146 0.757368198938 217001.0 217001.0 0.0
18.4107093811 -184.245498657 -157.01512146 0.75809426401 232433.0 232433.0 0.0
18.4582214355 -184.304122925 -156.970733643 0.757478063491 213860.0 213860.0 0.0
18.4975261688 -184.35295105 -156.939361572 0.757036683234 220503.0 220503.0 0.0
18.561662674 -184.431335449 -156.88117981 0.757798035938 212449.0 212449.0 0.0
18.5619792938 -184.43170166 -156.880950928 0.757809859834 235236.0 235237.0 0.984
18.5754146576 -184.448684692 -156.869293213 0.757825546892 235236.0 235224.0 0.18
18.6139774323 -184.494735718 -156.833755493 0.75765611971 213786.0 213786.0 0.0
18.6828689575 -184.581100464 -156.769500732 0.757508184088 228003.0 228003.0 0.0
18.6880626678 -184.589111328 -156.764480591 0.757688509989 225796.0 221792.0 0.928
18.7346153259 -184.647140503 -156.724609375 0.756780831368 221796.0 221796.0 0.0
18.7661380768 -184.687744141 -156.697113037 0.758365097094 225947.0 225947.0 0.0
18.8166465759 -184.74848938 -156.648483276 0.757772048599 214910.0 214910.0 0.0
18.8450641632 -184.786117554 -156.615646362 0.755554262626 214120.0 214120.0 0.0
18.8763580322 -184.813171387 -156.580368042 0.747077769821 214089.0 214089.0 0.0
18.9364242554 -184.876617432 -156.488876343 0.726687242061 218753.0 218753.0 0.0
18.938955307 -184.8800354 -156.484344482 0.725868501672 216368.0 216368.0 0.0
18.939956665 -184.880950928 -156.482910156 0.725465887232 218754.0 242690.0 0.028
18.9753189087 -184.914215088 -156.433853149 0.712378801657 242690.0 220885.0 0.212
18.9758319855 -184.914581299 -156.433273315 0.712186042506 147740.0 242692.0 0.784
19.0445270538 -184.972961426 -156.334350586 0.680438208341 221298.0 221298.0 0.0
19.0534973145 -184.986663818 -156.321014404 0.678370108131 218738.0 218748.0 0.952
19.08162117 -185.009078979 -156.262817383 0.650986691726 219953.0 219953.0 0.0
19.115896225 -185.043884277 -156.191619873 0.620730941354 254063.0 254063.0 0.0
19.1163711548 -185.044128418 -156.19090271 0.620360765816 233782.0 233778.0 0.876
19.1205711365 -185.047332764 -156.182830811 0.615852859583 233780.0 233782.0 0.28
19.1305389404 -185.04850769 -156.165206909 0.602020734314 227576.0 227576.0 0.0
