X Y Z MaximumInscribedSphereRadius EdgeArray0 EdgeArray1 EdgePCoordArray
-6.18991994858 -187.55380249 -151.447509766 0.650016852312 112404.0 112404.0 0.0
-6.17275285721 -187.560623169 -151.468460083 0.669306830228 116516.0 84136.0 0.588
-6.1708779335 -187.562088013 -151.47328186 0.671780347311 84136.0 129471.0 0.068
-6.16834115982 -187.566589355 -151.48399353 0.676172293976 102674.0 115655.0 0.788
-6.15859460831 -187.572463989 -151.506668091 0.685526217726 140041.0 1081.0 0.752
-6.14164161682 -187.585952759 -151.565444946 0.701903222244 140041.0 50630.0 0.484
-6.13863897324 -187.590881348 -151.584197998 0.705971590727 138554.0 118251.0 0.348
-6.12794494629 -187.597991943 -151.632904053 0.714791724827 128443.0 156090.0 0.532
-6.12681865692 -187.598022461 -151.671203613 0.71597510198 156091.0 156091.0 0.0
-6.11047315598 -187.604003906 -151.771713257 0.724090963847 146640.0 155457.0 0.108
-6.10946750641 -187.605148315 -151.77986145 0.724696823871 146638.0 155456.0 0.056
-6.10838985443 -187.60559082 -151.786651611 0.725244680518 146638.0 128875.0 0.064
-6.09353113174 -187.614273071 -151.838546753 0.730738670348 128867.0 125746.0 0.52
-6.08768033981 -187.61656189 -151.882125854 0.732936418135 128866.0 108550.0 0.152
-6.08739423752 -187.616943359 -151.885452271 0.733019961553 128866.0 155654.0 0.212
-6.0748591423 -187.623580933 -151.976013184 0.736554751684 140410.0 140410.0 0.0
-6.07343959808 -187.625076294 -151.996383667 0.736781376468 146100.0 155653.0 0.06
-6.06605291367 -187.626678467 -152.073104858 0.738275308165 50631.0 145513.0 0.736
-6.06166124344 -187.630126953 -152.101501465 0.738889980618 122962.0 122962.0 0.0
-6.05324888229 -187.63180542 -152.181106567 0.740220296774 153132.0 153132.0 0.0
-6.04622030258 -187.634689331 -152.258956909 0.74190619936 120021.0 120021.0 0.0
-6.04605150223 -187.634658813 -152.260177612 0.741926489863 119160.0 72197.0 0.004
-6.04583358765 -187.634063721 -152.359954834 0.742394731318 156134.0 156134.0 0.0
-6.04621839523 -187.633239746 -152.368377686 0.742418673978 201.0 156133.0 0.988
-6.04393386841 -187.635421753 -152.495910645 0.742492578449 146324.0 146324.0 0.0
-6.04392623901 -187.635437012 -152.496017456 0.74249015116 143491.0 146325.0 0.992
-6.04431962967 -187.635498047 -152.511291504 0.741950850462 143491.0 140835.0 0.14
-6.04585313797 -187.63494873 -152.584136963 0.740878893547 140832.0 140835.0 0.6
-6.04504108429 -187.633117676 -152.615936279 0.740855045988 143096.0 140832.0 0.628
-6.04190301895 -187.633651733 -152.688934326 0.741463545271 112583.0 112583.0 0.0
-6.04371213913 -187.635009766 -152.713272095 0.741436698075 112811.0 143094.0 0.14
-6.04248571396 -187.635009766 -152.797897339 0.741622426165 145897.0 145897.0 0.0
-6.04189443588 -187.636825562 -152.854400635 0.742424057234 127444.0 127444.0 0.0
-6.03735399246 -187.637481689 -152.907714844 0.744159182924 131390.0 131390.0 0.0
-6.03307533264 -187.639785767 -152.979766846 0.743180601329 112806.0 131056.0 0.548
-6.03043603897 -187.639846802 -153.033737183 0.744211252561 131398.0 131056.0 0.456
-6.02913236618 -187.638748169 -153.059295654 0.744965019973 131399.0 131397.0 0.56
-6.02888822556 -187.639480591 -153.086120605 0.744967390555 131397.0 129990.0 0.568
-6.03009986877 -187.640777588 -153.116333008 0.744627295306 129990.0 119592.0 0.636
-6.02574491501 -187.640213013 -153.189544678 0.744842731636 112476.0 117282.0 0.764
-6.02394723892 -187.642822266 -153.231216431 0.744845843965 125243.0 125244.0 0.116
-6.0214471817 -187.643447876 -153.260345459 0.744878480488 125242.0 125244.0 0.032
-6.0112452507 -187.642562866 -153.312744141 0.744538541725 113033.0 113033.0 0.0
-6.0152592659 -187.644790649 -153.424102783 0.745756271511 105958.0 117930.0 0.684
-6.01552820206 -187.643188477 -153.445007324 0.745690144698 31139.0 122604.0 0.484
-6.01811790466 -187.644882202 -153.573043823 0.747002607595 109855.0 109032.0 0.048
-6.01797437668 -187.643478394 -153.590759277 0.747323780834 109850.0 109856.0 0.412
-6.01661396027 -187.642776489 -153.602600098 0.747597449301 109850.0 109850.0 0.0
-6.01104736328 -187.646331787 -153.671386719 0.745773700136 109848.0 109848.0 0.0
-6.00317716599 -187.643768311 -153.745437622 0.74434755155 118724.0 138668.0 0.932
-6.00152873993 -187.647918701 -153.87298584 0.747490849631 145266.0 145266.0 0.0
-5.99789857864 -187.649230957 -153.89604187 0.747305285414 153018.0 153018.0 0.0
-5.99996805191 -187.645843506 -154.016387939 0.743882862112 149361.0 149361.0 0.0
-5.99998569489 -187.645858765 -154.016693115 0.743895036628 128657.0 149361.0 0.996
-6.00436162949 -187.647796631 -154.09211731 0.746926490957 128657.0 128657.0 0.0
-5.99773216248 -187.645584106 -154.142150879 0.745706443488 138531.0 138531.0 0.0
-6.00346803665 -187.647247314 -154.282531738 0.745519938594 130216.0 130216.0 0.0
-6.00339841843 -187.646057129 -154.301422119 0.745259850312 130217.0 123048.0 0.148
-5.99499082565 -187.649520874 -154.392700195 0.744524065241 124370.0 124370.0 0.0
-5.99194431305 -187.647766113 -154.478134155 0.746433132 107888.0 124368.0 0.212
-5.99319887161 -187.648849487 -154.514984131 0.747607614871 117780.0 117780.0 0.0
-5.99578619003 -187.647109985 -154.677978516 0.746121332837 56096.0 56096.0 0.0
-5.99620866776 -187.649017334 -154.706008911 0.747375992449 138702.0 138702.0 0.0
-5.99350643158 -187.650268555 -154.804794312 0.744955406702 138705.0 138705.0 0.0
-5.9878115654 -187.648590088 -154.892669678 0.744416477357 99115.0 138701.0 0.4
-5.98457288742 -187.651535034 -154.959701538 0.745544154438 129347.0 129347.0 0.0
-5.97776079178 -187.654159546 -155.088989258 0.745635706935 92310.0 109774.0 0.04
-5.97835206985 -187.655288696 -155.10206604 0.745772208163 109776.0 68095.0 0.804
-5.97316646576 -187.65675354 -155.234222412 0.746074135638 29584.0 136655.0 0.384
-5.97062969208 -187.654571533 -155.263320923 0.746460384255 29584.0 155198.0 0.9
-5.97112131119 -187.653991699 -155.267456055 0.746530788064 155198.0 155199.0 0.064
-5.97273397446 -187.653137207 -155.283477783 0.746106229982 155196.0 155196.0 0.0
-5.98203039169 -187.652267456 -155.383834839 0.747421212743 109906.0 109766.0 0.38
-5.98459482193 -187.65423584 -155.407531738 0.747535902345 118600.0 125094.0 0.336
-5.98683786392 -187.649307251 -155.573226929 0.745585477416 122202.0 122202.0 0.0
-5.98857116699 -187.652633667 -155.612960815 0.746027093175 112875.0 118602.0 0.436
-5.98626327515 -187.649215698 -155.741088867 0.745577428074 79044.0 79044.0 0.0
-5.99443340302 -187.65133667 -155.801147461 0.746121239577 101496.0 101496.0 0.0
-5.98254585266 -187.649398804 -155.942321777 0.746122268104 110107.0 110107.0 0.0
-5.98259449005 -187.651733398 -155.987472534 0.747639381002 112431.0 112431.0 0.0
-5.98186779022 -187.651657104 -155.999404907 0.747088894369 55753.0 112432.0 0.972
-5.99938392639 -187.64855957 -156.157226562 0.746932352052 94883.0 114157.0 0.064
-5.99971342087 -187.647949219 -156.162460327 0.746986940026 99313.0 94883.0 0.868
-5.99403619766 -187.647338867 -156.213180542 0.745917069032 37927.0 37927.0 0.0
-5.99405002594 -187.647354126 -156.213745117 0.745915328344 110934.0 37927.0 0.992
-5.99575042725 -187.648849487 -156.2840271 0.745699482958 110934.0 110934.0 0.0
-5.98905229568 -187.64743042 -156.358428955 0.745940245506 125457.0 99577.0 0.248
-5.98898029327 -187.64743042 -156.365036011 0.745954250208 125457.0 99224.0 0.616
-5.99245977402 -187.650588989 -156.428604126 0.745567483723 99224.0 99315.0 0.852
-5.99284029007 -187.6512146 -156.439346313 0.745503826149 99315.0 99315.0 0.0
-5.99772167206 -187.645187378 -156.544265747 0.745734095812 112590.0 108275.0 0.388
-6.00352096558 -187.646087646 -156.595825195 0.746379008861 117045.0 117045.0 0.0
-6.00429725647 -187.644577026 -156.753097534 0.745705486876 117043.0 117043.0 0.0
-6.00214481354 -187.64781189 -156.781509399 0.746518817576 110851.0 146138.0 0.06
-5.9992480278 -187.644485474 -156.891036987 0.745932647658 92375.0 92375.0 0.0
-5.99924325943 -187.644515991 -156.891372681 0.745926876997 98677.0 92375.0 0.992
-5.99862623215 -187.647979736 -156.932296753 0.745211315006 98677.0 98677.0 0.0
-6.00324201584 -187.643936157 -157.097473145 0.748848522579 115826.0 115826.0 0.0
-6.0031580925 -187.644638062 -157.103546143 0.748946381999 141869.0 112379.0 0.972
-6.00299167633 -187.644775391 -157.108856201 0.748773061062 141872.0 112379.0 0.904
-5.99252271652 -187.649429321 -157.193267822 0.74746238015 141874.0 138743.0 0.432
-5.99048423767 -187.648910522 -157.20803833 0.747038698481 138743.0 117150.0 0.384
-5.9811706543 -187.653442383 -157.376937866 0.746971840639 142083.0 142083.0 0.0
-5.97906446457 -187.652877808 -157.394805908 0.746968316573 142077.0 142081.0 0.944
-5.99121809006 -187.648788452 -157.522384644 0.74667110058 109376.0 84.0 0.988
-5.99130964279 -187.648651123 -157.523864746 0.74669168799 84.0 92651.0 0.048
-5.99461174011 -187.65020752 -157.627182007 0.746652931031 112368.0 112368.0 0.0
-5.99271678925 -187.644882202 -157.706207275 0.746902672983 112394.0 112367.0 0.784
-5.99406671524 -187.650192261 -157.812255859 0.748184192941 112367.0 108062.0 0.896
-5.99453353882 -187.65071106 -157.824447632 0.748341827343 108062.0 108062.0 0.0
-5.99388408661 -187.647125244 -157.870834351 0.748015530145 112392.0 112392.0 0.0
-5.99662160873 -187.650985718 -157.976623535 0.745474793503 110103.0 90921.0 0.892
-5.99691867828 -187.650512695 -158.001678467 0.746259376385 142777.0 90921.0 0.564
-5.99652719498 -187.650436401 -158.04258728 0.747370200314 117758.0 142777.0 0.52
-5.99633979797 -187.649993896 -158.05090332 0.747581083648 117758.0 142784.0 0.416
-5.99413824081 -187.645309448 -158.098052979 0.748131255877 89733.0 89733.0 0.0
-6.00764894485 -187.643981934 -158.227874756 0.747308679865 94462.0 94462.0 0.0
-5.98550224304 -187.650039673 -158.378616333 0.746251235138 89740.0 89740.0 0.0
-5.98769044876 -187.652374268 -158.484802246 0.746455486904 107600.0 112319.0 0.12
-5.98737859726 -187.650680542 -158.504211426 0.746334646433 2233.0 107600.0 0.632
-5.97943401337 -187.651046753 -158.542526245 0.745423140104 2233.0 17637.0 0.02
-5.98373651505 -187.651565552 -158.652862549 0.746075230194 40116.0 60228.0 0.088
-5.98370838165 -187.651321411 -158.656051636 0.746035191115 40116.0 110089.0 0.24
-5.98162698746 -187.651443481 -158.68409729 0.746096413323 110089.0 110086.0 0.152
-5.99079036713 -187.650344849 -158.81968689 0.748556351448 95070.0 95070.0 0.0
-5.98986816406 -187.649383545 -158.840713501 0.74786070498 65071.0 95066.0 0.48
-5.98953199387 -187.651901245 -158.983108521 0.748092522356 94000.0 94000.0 0.0
-5.99090957642 -187.649185181 -159.020019531 0.747154826049 45664.0 93446.0 0.748
-5.99858617783 -187.650177002 -159.147369385 0.747090221674 93451.0 93449.0 0.232
-5.99882936478 -187.649383545 -159.157699585 0.747238401641 93451.0 93450.0 0.38
-6.00010538101 -187.64730835 -159.200637817 0.747182368688 86617.0 86617.0 0.0
-5.99523210526 -187.648162842 -159.308151245 0.748271177125 118192.0 118192.0 0.0
-5.99848031998 -187.64855957 -159.394119263 0.746412623125 111923.0 118191.0 0.732
-5.99935531616 -187.647201538 -159.448471069 0.747020626121 111932.0 86609.0 0.36
-5.99715042114 -187.649490356 -159.49407959 0.748125779045 59937.0 86615.0 0.812
-5.99658060074 -187.649124146 -159.50151062 0.747870875191 54164.0 86615.0 0.568
-5.99402570724 -187.648300171 -159.627807617 0.74766642761 120895.0 120895.0 0.0
-5.99015045166 -187.648712158 -159.63848877 0.74726477885 93776.0 93776.0 0.0
-5.99379682541 -187.649551392 -159.809265137 0.748183142505 105486.0 105486.0 0.0
-5.99401330948 -187.648544312 -159.820831299 0.748378005548 99169.0 99169.0 0.0
-5.9783782959 -187.654434204 -159.935211182 0.748560656764 137281.0 137281.0 0.0
-5.97835350037 -187.654342651 -159.936218262 0.748524748277 137278.0 137282.0 0.996
-5.97778749466 -187.655700684 -160.107162476 0.745183231992 137279.0 97328.0 0.42
-5.97687005997 -187.65435791 -160.124969482 0.745176471673 28559.0 137276.0 0.384
-5.97217750549 -187.658660889 -160.260482788 0.745707117724 126315.0 739.0 0.592
-5.97031402588 -187.656906128 -160.284378052 0.745547471691 112742.0 111761.0 0.732
-5.96704864502 -187.66116333 -160.420623779 0.744196233076 119119.0 119119.0 0.0
-5.97248983383 -187.655029297 -160.463363647 0.744598881309 126688.0 86217.0 0.34
-5.99059247971 -187.652359009 -160.590087891 0.74519118685 115928.0 81197.0 0.976
-5.99095916748 -187.648605347 -160.63230896 0.745735138946 118063.0 69128.0 0.664
-5.99073410034 -187.647186279 -160.653915405 0.74595721784 69128.0 117993.0 0.336
-5.99182987213 -187.648788452 -160.704406738 0.745120811367 117993.0 97989.0 0.736
-5.98319101334 -187.649505615 -160.803268433 0.744620442535 97992.0 97992.0 0.0
-5.98610687256 -187.651260376 -160.871353149 0.746528498094 109692.0 109692.0 0.0
-5.99068117142 -187.650085449 -160.94644165 0.746497351306 118468.0 145936.0 0.856
-5.99225950241 -187.648742676 -160.968475342 0.74622884056 145935.0 145935.0 0.0
-5.99054765701 -187.647979736 -161.035110474 0.744995973198 110180.0 127489.0 0.476
-5.98801469803 -187.649719238 -161.115753174 0.746695445773 112506.0 110180.0 0.452
-5.9869556427 -187.653213501 -161.155075073 0.747681020855 104499.0 116140.0 0.284
-5.98637962341 -187.653289795 -161.163238525 0.747626369444 104499.0 102378.0 0.38
-5.98334980011 -187.651473999 -161.208068848 0.74675307309 147088.0 147088.0 0.0
-5.9821562767 -187.651733398 -161.257171631 0.746393037262 97870.0 146951.0 0.932
-5.98189783096 -187.651473999 -161.265426636 0.746371674735 146951.0 75476.0 0.084
-5.98202610016 -187.654266357 -161.350189209 0.745054568059 104131.0 126747.0 0.256
-5.96538925171 -187.657958984 -161.4246521 0.744202686266 104129.0 127357.0 0.576
-5.96674871445 -187.660491943 -161.464614868 0.744076371403 126753.0 103221.0 0.376
-5.96608018875 -187.661636353 -161.509338379 0.744092056121 144662.0 98384.0 0.728
-5.96169424057 -187.659561157 -161.602905273 0.745879756205 144659.0 144659.0 0.0
-5.96106624603 -187.66104126 -161.616790771 0.745587635427 126751.0 151534.0 0.08
-5.96116256714 -187.661331177 -161.741439819 0.74418221882 119394.0 119394.0 0.0
-5.95702505112 -187.660598755 -161.783752441 0.743755623186 3720.0 111937.0 0.98
-5.95991897583 -187.662475586 -161.863037109 0.742664300592 103228.0 39653.0 0.908
-5.95838546753 -187.660888672 -161.913925171 0.742406035026 100544.0 100544.0 0.0
-5.95240688324 -187.663803101 -161.973449707 0.743785297802 113406.0 113406.0 0.0
-5.95291519165 -187.664459229 -161.987121582 0.74357143145 152531.0 152532.0 0.952
-5.95356369019 -187.66595459 -162.11505127 0.742242831827 128610.0 128610.0 0.0
-5.95188760757 -187.665374756 -162.150970459 0.742534140526 119435.0 119435.0 0.0
-5.95417165756 -187.664779663 -162.279418945 0.742427422894 113249.0 113249.0 0.0
-5.94974327087 -187.667877197 -162.350509644 0.741237031942 138471.0 138471.0 0.0
-5.95052242279 -187.667739868 -162.357879639 0.741378101427 138472.0 138468.0 0.956
-5.95703697205 -187.664398193 -162.433746338 0.74269873141 138472.0 138472.0 0.0
-5.95701265335 -187.661865234 -162.472946167 0.743408710156 155047.0 155047.0 0.0
-5.95836496353 -187.661941528 -162.567001343 0.742687884636 127517.0 58861.0 0.356
-5.95883369446 -187.660675049 -162.586532593 0.742518895015 125031.0 125031.0 0.0
-5.96751832962 -187.659896851 -162.690612793 0.744333440613 125869.0 127045.0 0.04
-5.96754980087 -187.659820557 -162.692077637 0.74436749 125868.0 125869.0 0.92
-5.96389627457 -187.661849976 -162.753341675 0.744805703568 112493.0 112493.0 0.0
-5.96399021149 -187.661010742 -162.763305664 0.744499863481 105918.0 105918.0 0.0
-5.96637535095 -187.659545898 -162.914657593 0.745359792315 15146.0 118327.0 0.108
-5.96621274948 -187.658584595 -162.923217773 0.745394168604 15146.0 113038.0 0.7
-5.96685361862 -187.65788269 -162.927474976 0.745426489991 113038.0 113220.0 0.016
-5.97847080231 -187.656173706 -163.080871582 0.744489012204 115839.0 115839.0 0.0
-5.98513507843 -187.650817871 -163.116531372 0.746069042879 124153.0 115838.0 0.076
-5.98724365234 -187.650436401 -163.125457764 0.746008519 124893.0 124153.0 0.852
-5.9966673851 -187.64944458 -163.176483154 0.745574013539 124893.0 124893.0 0.0
-6.00182199478 -187.645980835 -163.244064331 0.745544749083 151670.0 151670.0 0.0
-6.00897121429 -187.645080566 -163.330245972 0.745135036926 155572.0 151669.0 0.944
-6.00995588303 -187.644195557 -163.342910767 0.745258239909 151605.0 151669.0 0.624
-6.01176738739 -187.643112183 -163.365524292 0.745346151749 151605.0 127457.0 0.112
-6.01811170578 -187.64213562 -163.401077271 0.745388148931 155228.0 108378.0 0.436
-6.02035570145 -187.643127441 -163.433013916 0.745509131244 155229.0 155229.0 0.0
-6.02570343018 -187.640090942 -163.489761353 0.745410951938 155232.0 155230.0 0.232
-6.02573537827 -187.640045166 -163.490158081 0.745401895059 155232.0 155231.0 0.22
-6.04594087601 -187.632354736 -163.638778687 0.744194732013 145346.0 145346.0 0.0
-6.04552793503 -187.633331299 -163.651382446 0.74393856423 117904.0 145343.0 0.076
-6.04959821701 -187.631973267 -163.759857178 0.742543629272 145345.0 145345.0 0.0
-6.0507273674 -187.630981445 -163.778594971 0.743457646997 9987.0 154061.0 0.076
-6.05192136765 -187.631011963 -163.788574219 0.743187615563 124517.0 9987.0 0.584
-6.05617284775 -187.629623413 -163.808883667 0.742019046125 2031.0 124517.0 0.592
-6.06154251099 -187.627380371 -163.834121704 0.740757842318 2031.0 117643.0 0.46
-6.06802082062 -187.625869751 -163.86289978 0.73947249786 117643.0 1683.0 0.524
-6.0769982338 -187.621627808 -163.904312134 0.737465210743 105349.0 1683.0 0.276
-6.0801782608 -187.619659424 -163.922103882 0.736814097732 132648.0 132648.0 0.0
-6.140209198 -187.608352661 -164.138504028 0.725815446995 52406.0 52406.0 0.0
-6.19788217545 -187.613189697 -164.302764893 0.732102476357 151006.0 4687.0 0.248
-6.24672937393 -187.612609863 -164.38621521 0.734421921668 3033.0 4709.0 0.54
-6.25547742844 -187.612457275 -164.399002075 0.735010825324 148800.0 115857.0 0.372
-6.28818559647 -187.609939575 -164.454055786 0.736041653885 148802.0 148802.0 0.0
-6.30213212967 -187.610244751 -164.480194092 0.737728597185 121357.0 121357.0 0.0
-6.39352560043 -187.616622925 -164.652359009 0.746565140069 52778.0 52778.0 0.0
-6.39357328415 -187.616622925 -164.652450562 0.746573315033 52777.0 52778.0 0.984
-6.39651679993 -187.616149902 -164.658065796 0.747076075357 52777.0 52777.0 0.0
-6.44298505783 -187.611343384 -164.730163574 0.75191733957 4724.0 4724.0 0.0
-6.46663093567 -187.610458374 -164.762268066 0.754669691795 4735.0 4735.0 0.0
-6.53270292282 -187.594772339 -164.849334717 0.762105903643 3256.0 4714.0 0.1
-6.53879880905 -187.593322754 -164.856781006 0.762744454553 2346.0 3256.0 0.756
-6.56222724915 -187.585586548 -164.890914917 0.765431142714 5761.0 5761.0 0.0
-6.5631518364 -187.58531189 -164.892211914 0.765506312461 5762.0 4877.0 0.016
-6.62147712708 -187.579071045 -164.971359253 0.766094562634 4718.0 4718.0 0.0
-6.68608045578 -187.563690186 -165.066802979 0.774137553331 1741.0 6291.0 0.916
-6.69252681732 -187.561401367 -165.076599121 0.775071217092 6290.0 6291.0 0.86
-6.7162604332 -187.555969238 -165.123596191 0.777440646303 6298.0 6290.0 0.272
-6.72081375122 -187.555465698 -165.131240845 0.777458066192 6298.0 6785.0 0.024
-6.79080677032 -187.538619995 -165.246627808 0.784360927022 6792.0 6792.0 0.0
-6.79271268845 -187.537796021 -165.249969482 0.784594253511 6791.0 6791.0 0.0
-6.86595630646 -187.525299072 -165.395675659 0.788696966653 36668.0 36668.0 0.0
-6.86955165863 -187.523666382 -165.40423584 0.788840988193 6343.0 6343.0 0.0
-6.87924861908 -187.520736694 -165.424667358 0.788836853276 6774.0 7356.0 0.052
-6.96230602264 -187.513442993 -165.60597229 0.792827565775 7994.0 7994.0 0.0
-6.97230052948 -187.508834839 -165.627105713 0.794062276387 8018.0 8496.0 0.572
-7.0473074913 -187.505340576 -165.800445557 0.796017179067 8529.0 8529.0 0.0
-7.04941701889 -187.504119873 -165.80418396 0.79636146933 8530.0 8500.0 0.04
-7.08905363083 -187.491241455 -165.880340576 0.797441933143 8528.0 8500.0 0.416
-7.11858224869 -187.485092163 -165.941070557 0.798681596081 7415.0 8528.0 0.532
-7.13766336441 -187.482971191 -165.975341797 0.799583539991 5946.0 5946.0 0.0
-7.17057561874 -187.474380493 -166.033721924 0.803458225043 7450.0 8019.0 0.956
-7.20266675949 -187.462234497 -166.110092163 0.80796502597 6409.0 6409.0 0.0
-7.25438833237 -187.442871094 -166.22555542 0.806183277675 9600.0 9600.0 0.0
-7.29081535339 -187.435287476 -166.307846069 0.811027619056 96135.0 96135.0 0.0
-7.33666944504 -187.425262451 -166.410293579 0.815270800036 9148.0 9148.0 0.0
-7.3537569046 -187.419952393 -166.458450317 0.818655295859 10753.0 152441.0 0.036
-7.36358165741 -187.418014526 -166.480102539 0.820031694686 152441.0 152445.0 0.124
-7.38918685913 -187.409866333 -166.533493042 0.822901542591 152445.0 152445.0 0.0
-7.39968538284 -187.405761719 -166.552978516 0.823852785126 152440.0 8066.0 0.44
-7.43177890778 -187.397476196 -166.624893188 0.823792045591 9176.0 10742.0 0.46
-7.43328046799 -187.39680481 -166.628295898 0.823742813406 11266.0 9176.0 0.58
-7.45636081696 -187.384231567 -166.694747925 0.822366965402 11271.0 11269.0 0.664
-7.46764469147 -187.379577637 -166.72026062 0.821792161528 11262.0 11269.0 0.692
-7.51375055313 -187.363357544 -166.817611694 0.823418028769 9598.0 9598.0 0.0
-7.60138511658 -187.330764771 -167.014663696 0.823845458648 80777.0 80777.0 0.0
-7.60855007172 -187.32901001 -167.027999878 0.824571506076 45644.0 80776.0 0.748
-7.62712812424 -187.323486328 -167.06288147 0.826542966127 55833.0 55833.0 0.0
-7.65109539032 -187.311767578 -167.122894287 0.827376556097 55832.0 55832.0 0.0
-7.68749856949 -187.293304443 -167.197113037 0.829027227685 4179.0 4179.0 0.0
-7.68762874603 -187.293243408 -167.197357178 0.829044496303 12296.0 4179.0 0.992
-7.70378637314 -187.285995483 -167.227401733 0.831185804983 12296.0 12296.0 0.0
-7.72796583176 -187.267837524 -167.284179688 0.831961142693 12815.0 12819.0 0.94
-7.73019504547 -187.266464233 -167.288803101 0.831987844034 12821.0 12819.0 0.78
-7.73594284058 -187.264266968 -167.300521851 0.832015297153 12822.0 12822.0 0.0
-7.78270339966 -187.2318573 -167.397399902 0.831456538802 12498.0 12498.0 0.0
-7.79046821594 -187.228744507 -167.411392212 0.831552293408 12444.0 12444.0 0.0
-7.79051113129 -187.228713989 -167.411483765 0.831549689943 12825.0 12444.0 0.984
-7.79313611984 -187.227127075 -167.416900635 0.831389576851 12825.0 12825.0 0.0
-7.84559822083 -187.203460693 -167.538070679 0.832243553442 13029.0 13029.0 0.0
-7.87438964844 -187.184341431 -167.604095459 0.83742359185 13637.0 13637.0 0.0
-7.88064336777 -187.180404663 -167.620910645 0.838311267242 13619.0 13619.0 0.0
-7.90507459641 -187.166152954 -167.679443359 0.83874235005 14033.0 13614.0 0.164
-7.91104793549 -187.161880493 -167.695480347 0.839292908618 14033.0 14620.0 0.3
-7.92453575134 -187.151077271 -167.729064941 0.840364929089 14620.0 14620.0 0.0
-7.94046640396 -187.132461548 -167.775848389 0.840879990414 14099.0 14099.0 0.0
-7.9868516922 -187.096557617 -167.882141113 0.843588819857 14663.0 14663.0 0.0
-8.02702999115 -187.036758423 -168.021865845 0.845626402013 14017.0 14017.0 0.0
-8.04033946991 -187.019668579 -168.0703125 0.845277253512 5789.0 14073.0 0.092
-8.07491397858 -186.974990845 -168.166870117 0.846261313051 15240.0 15240.0 0.0
-8.10730934143 -186.916854858 -168.27835083 0.850136380778 13269.0 156046.0 0.176
-8.11235332489 -186.909103394 -168.293304443 0.851125790804 13269.0 15241.0 0.192
-8.11990642548 -186.894607544 -168.315567017 0.852248562389 206.0 206.0 0.0
-8.12865543365 -186.878997803 -168.345443726 0.852127962375 15279.0 15452.0 0.148
-8.15784263611 -186.83555603 -168.427963257 0.853740384218 15730.0 15730.0 0.0
-8.20849514008 -186.759918213 -168.583740234 0.863574692339 15754.0 15754.0 0.0
-8.21052074432 -186.757492065 -168.590530396 0.863879851167 15285.0 15259.0 0.992
-8.24767017365 -186.69229126 -168.726318359 0.866602008436 12877.0 12877.0 0.0
-8.25761985779 -186.668273926 -168.765182495 0.867993546745 140347.0 140347.0 0.0
-8.26317024231 -186.647521973 -168.796157837 0.868608433913 140343.0 140343.0 0.0
-8.27302646637 -186.594985962 -168.896881104 0.866310653261 15417.0 15417.0 0.0
-8.27372646332 -186.590591431 -168.903961182 0.866069614076 15410.0 15764.0 0.64
-8.27557754517 -186.56829834 -168.940124512 0.864791798709 12951.0 16616.0 0.548
-8.27351570129 -186.506271362 -169.066574097 0.859955435172 15775.0 15775.0 0.0
-8.26759338379 -186.420791626 -169.221984863 0.85744915984 16201.0 16201.0 0.0
-8.26928424835 -186.410415649 -169.246337891 0.85861881338 16324.0 17375.0 0.036
-8.2715177536 -186.332397461 -169.392852783 0.865476984468 15795.0 15795.0 0.0
-8.27005195618 -186.31427002 -169.418807983 0.866596331351 17373.0 13580.0 0.608
-8.26820468903 -186.302642822 -169.435317993 0.866834110496 13580.0 13580.0 0.0
-8.2382106781 -186.239273071 -169.546844482 0.861316588667 155067.0 155067.0 0.0
-8.23605060577 -186.233764648 -169.554794312 0.859915044911 19438.0 68565.0 0.424
-8.22186756134 -186.18862915 -169.626815796 0.846521987184 20028.0 20028.0 0.0
-8.21223831177 -186.170059204 -169.656005859 0.840452122821 20029.0 130792.0 0.048
-8.19816017151 -186.131500244 -169.69960022 0.8292061701 130791.0 130791.0 0.0
-8.15853595734 -185.973999023 -169.904846191 0.803558636687 19437.0 19437.0 0.0
-8.14462280273 -185.946472168 -169.942855835 0.801001636308 16278.0 18713.0 0.132
-8.12767219543 -185.853042603 -170.056396484 0.79632893266 22611.0 22611.0 0.0
-8.12767601013 -185.853027344 -170.056396484 0.796328848977 7033.0 7033.0 0.0
-8.06345462799 -185.697723389 -170.289367676 0.801043052398 16749.0 16749.0 0.0
-8.03408336639 -185.62046814 -170.399703979 0.807108826364 16786.0 16786.0 0.0
-8.02356433868 -185.594146729 -170.448348999 0.810036713213 16785.0 16784.0 0.552
-7.99327373505 -185.536911011 -170.52583313 0.806797326965 16314.0 19523.0 0.472
-7.9723982811 -185.50050354 -170.567001343 0.804863640034 20720.0 16314.0 0.06
-7.97067785263 -185.497848511 -170.570068359 0.804693478055 20720.0 21414.0 0.02
-7.93002319336 -185.406661987 -170.643264771 0.800015472661 20724.0 20724.0 0.0
-7.90862798691 -185.363250732 -170.689315796 0.79847004219 21396.0 21396.0 0.0
-7.84225702286 -185.257736206 -170.814834595 0.79745541469 21408.0 21408.0 0.0
-7.83004713058 -185.243911743 -170.833282471 0.799221115198 20907.0 21412.0 0.364
-7.8149933815 -185.226974487 -170.853424072 0.800665180493 20282.0 21411.0 0.884
-7.80422544479 -185.212875366 -170.872512817 0.799966135784 21409.0 21397.0 0.056
-7.75100517273 -185.14352417 -170.956787109 0.801583480041 20768.0 20767.0 0.928
-7.74471330643 -185.135391235 -170.9659729 0.802615291261 21587.0 20767.0 0.888
-7.7153263092 -185.086456299 -171.011520386 0.807806541682 21587.0 21587.0 0.0
-7.70075702667 -185.061721802 -171.031143188 0.8103615167 20770.0 18287.0 0.904
-7.69756746292 -185.05607605 -171.036437988 0.810717517092 76505.0 18287.0 0.852
-7.68709373474 -185.036651611 -171.052200317 0.81048081471 76505.0 21600.0 0.388
-7.66956329346 -185.001525879 -171.081314087 0.810404494721 20121.0 21591.0 0.376
-7.66170454025 -184.983337402 -171.097213745 0.810171575269 22163.0 20121.0 0.104
-7.66027879715 -184.979705811 -171.100585938 0.810109146374 76506.0 22163.0 0.92
-7.63792467117 -184.928833008 -171.144012451 0.809766057438 22167.0 76506.0 0.74
-7.60998296738 -184.874221802 -171.18913269 0.809768710768 17905.0 17905.0 0.0
-7.57451295853 -184.799453735 -171.240875244 0.815673738443 18492.0 18492.0 0.0
-7.57028865814 -184.791442871 -171.246414185 0.816286985763 91030.0 91031.0 0.56
-7.56781291962 -184.786376953 -171.250061035 0.816516772089 91030.0 91030.0 0.0
-7.5467247963 -184.745834351 -171.281967163 0.818970078859 20118.0 20118.0 0.0
-7.53308439255 -184.719100952 -171.306900024 0.819677421976 21610.0 21610.0 0.0
-7.50630903244 -184.66633606 -171.347167969 0.818973997894 20964.0 20964.0 0.0
-7.45437383652 -184.559280396 -171.408584595 0.818232247048 142309.0 142309.0 0.0
-7.41375350952 -184.460617065 -171.478378296 0.823327852013 21477.0 21477.0 0.0
-7.41219758987 -184.457962036 -171.480758667 0.823624454493 22215.0 22217.0 0.456
-7.38990449905 -184.422561646 -171.506835938 0.825431006458 22218.0 22222.0 0.44
-7.3646979332 -184.380325317 -171.537017822 0.827577660334 22222.0 22222.0 0.0
-7.36049795151 -184.372665405 -171.543746948 0.827539404253 22238.0 22238.0 0.0
-7.34574651718 -184.347793579 -171.561080933 0.82432868214 22242.0 22241.0 0.088
-7.26054000854 -184.188552856 -171.651062012 0.819472927219 23035.0 23035.0 0.0
-7.2294588089 -184.141448975 -171.687393188 0.822525362827 10959.0 21674.0 0.244
-7.2281703949 -184.139831543 -171.688751221 0.822729202424 10959.0 10959.0 0.0
-7.22429323196 -184.13168335 -171.693283081 0.822036198867 22269.0 22271.0 0.592
-7.21980857849 -184.124404907 -171.697509766 0.821303856202 20187.0 22269.0 0.724
-7.17044734955 -184.035507202 -171.754058838 0.816244544426 22281.0 22281.0 0.0
-7.16886997223 -184.032928467 -171.755508423 0.815999263 23044.0 22280.0 0.016
-7.15706205368 -184.016082764 -171.764968872 0.814293925306 23042.0 23042.0 0.0
-7.07090711594 -183.850234985 -171.861602783 0.802978993564 22262.0 22262.0 0.0
-7.04338741302 -183.805450439 -171.891021729 0.800519607209 21715.0 21715.0 0.0
-6.97622203827 -183.693161011 -171.952209473 0.795630305144 21040.0 21040.0 0.0
-6.97609567642 -183.692962646 -171.952346802 0.795625432165 22326.0 21040.0 0.992
-6.96045160294 -183.669052124 -171.968978882 0.795021182827 22326.0 22326.0 0.0
-6.86534547806 -183.462585449 -172.102111816 0.806330953488 22514.0 22514.0 0.0
-6.84176492691 -183.421279907 -172.12890625 0.813080872542 23755.0 21803.0 0.196
-6.82295799255 -183.382949829 -172.150238037 0.819371450793 100396.0 100396.0 0.0
-6.81841564178 -183.374404907 -172.154724121 0.820851262843 20545.0 100394.0 0.996
-6.79720830917 -183.340148926 -172.176422119 0.826471063382 100393.0 23236.0 0.764
-6.77707147598 -183.305587769 -172.202911377 0.830824668429 23754.0 61144.0 0.476
-6.64584493637 -183.106628418 -172.335769653 0.884149212821 23300.0 23231.0 0.912
-6.63697385788 -183.094314575 -172.345306396 0.887222548571 23301.0 24014.0 0.108
-6.63215398788 -183.083694458 -172.352874756 0.891214028314 23301.0 23746.0 0.324
-6.62187051773 -183.070800781 -172.36656189 0.895473198317 23746.0 22586.0 0.288
-6.61561012268 -183.06262207 -172.375396729 0.898259572857 22586.0 23749.0 0.196
-6.5747923851 -183.010940552 -172.437057495 0.917807680549 7936.0 7936.0 0.0
-6.51442241669 -182.934936523 -172.522094727 0.947702012229 24537.0 24537.0 0.0
-6.47511291504 -182.895767212 -172.566619873 0.964491538946 25307.0 25307.0 0.0
-6.42512559891 -182.846618652 -172.629241943 0.989462584841 25305.0 23502.0 0.224
-6.40636587143 -182.832122803 -172.653808594 0.99818883794 23497.0 23502.0 0.74
-6.36821269989 -182.800918579 -172.709609985 1.01854581646 21678.0 25319.0 0.328
-6.29303598404 -182.752120972 -172.805130005 1.05503347942 25991.0 25318.0 0.444
-6.2705655098 -182.739517212 -172.829772949 1.06541593604 25318.0 25323.0 0.988
-6.27000331879 -182.739089966 -172.830444336 1.06569491085 25323.0 25317.0 0.004
-6.18558549881 -182.654968262 -172.938262939 1.1155608806 25300.0 25300.0 0.0
-6.18527460098 -182.654678345 -172.938720703 1.11576546149 25308.0 25300.0 0.98
-6.17003011703 -182.640808105 -172.961425781 1.1257899251 25308.0 25308.0 0.0
-6.17002487183 -182.640808105 -172.961425781 1.12579261451 25417.0 25308.0 0.996
-6.16866254807 -182.639663696 -172.963134766 1.12646227626 25417.0 25417.0 0.0
-6.16772651672 -182.638931274 -172.964172363 1.12693917069 27278.0 25417.0 0.992
-6.05168533325 -182.547225952 -173.09336853 1.18607408065 27278.0 27278.0 0.0
-6.03377723694 -182.54006958 -173.106811523 1.19093121685 27277.0 27277.0 0.0
-5.99316835403 -182.486129761 -173.126449585 1.18740625117 21341.0 21341.0 0.0
-5.97229671478 -182.454620361 -173.129898071 1.18087225134 25141.0 25141.0 0.0
-5.92234754562 -182.41204834 -173.145828247 1.17335479557 25136.0 25136.0 0.0
-5.92231321335 -182.411987305 -173.145828247 1.17333524304 25137.0 25136.0 0.984
-5.92019414902 -182.408111572 -173.145996094 1.17213276198 25137.0 25137.0 0.0
-5.91062116623 -182.393417358 -173.145706177 1.16618442269 20617.0 22848.0 0.952
-5.85722351074 -182.356552124 -173.153518677 1.14694107915 22949.0 19893.0 0.22
-5.77881717682 -182.307876587 -173.156478882 1.11784432776 22958.0 22949.0 0.388
-5.69264793396 -182.272659302 -173.162750244 1.09173771126 19186.0 19186.0 0.0
-5.58856868744 -182.20930481 -173.163085938 1.04538620706 19235.0 19235.0 0.0
-5.39178133011 -182.032684326 -173.153625488 0.922111701947 19238.0 19238.0 0.0
-5.29482984543 -181.929336548 -173.136642456 0.866022853702 20696.0 20696.0 0.0
-5.09300422668 -181.763122559 -173.088012695 0.78406180727 19318.0 19318.0 0.0
-5.04005670547 -181.716445923 -173.068618774 0.765495606085 17568.0 17568.0 0.0
-5.04000139236 -181.716400146 -173.068603516 0.765474793122 19803.0 17568.0 0.996
-5.02620315552 -181.704574585 -173.065261841 0.76029236527 19803.0 19803.0 0.0
-4.8100233078 -181.500076294 -172.979248047 0.712057780089 18536.0 18536.0 0.0
-4.80327177048 -181.491668701 -172.976806641 0.711261897274 19808.0 19808.0 0.0
-4.66026115417 -181.370727539 -172.888565063 0.692025290974 17410.0 17410.0 0.0
-4.64442777634 -181.353790283 -172.874816895 0.691554371981 17937.0 17408.0 0.392
-4.58946943283 -181.304519653 -172.826705933 0.687960045571 17408.0 17404.0 0.872
-4.57912826538 -181.294570923 -172.819458008 0.687336430932 16405.0 17404.0 0.86
-4.51954650879 -181.231964111 -172.773513794 0.68542945263 17461.0 17461.0 0.0
-4.45902299881 -181.172698975 -172.72845459 0.684899590952 17973.0 17973.0 0.0
-4.40777587891 -181.12197876 -172.682571411 0.681661565275 18006.0 13674.0 0.076
-4.4011631012 -181.112930298 -172.674942017 0.681540693326 18003.0 18006.0 0.92
-4.32153701782 -181.005187988 -172.55657959 0.67860810889 16950.0 16950.0 0.0
-4.32070875168 -181.003982544 -172.555236816 0.678673076422 16949.0 16951.0 0.608
-4.31622552872 -180.997192383 -172.548751831 0.678955536912 16946.0 16383.0 0.06
-4.26536655426 -180.933395386 -172.478027344 0.677599906244 16400.0 16377.0 0.284
-4.20648288727 -180.840377808 -172.351959229 0.685167003101 15968.0 15969.0 0.54
-4.18916130066 -180.821350098 -172.326126099 0.688548989009 139706.0 15969.0 0.42
-4.16440820694 -180.789108276 -172.281906128 0.693030512561 139704.0 139704.0 0.0
-4.10751199722 -180.715087891 -172.121658325 0.709026265837 15547.0 16918.0 0.056
-4.10340261459 -180.70916748 -172.106964111 0.711352533305 15547.0 15546.0 0.508
-4.09961080551 -180.702789307 -172.094619751 0.713344495422 15548.0 15546.0 0.912
-4.05626821518 -180.645553589 -171.987823486 0.733790577869 14309.0 14309.0 0.0
-4.01267004013 -180.622039795 -171.87046814 0.74889843211 14974.0 14974.0 0.0
-3.98912835121 -180.608291626 -171.766098022 0.764114801568 14307.0 14307.0 0.0
-3.98321819305 -180.602157593 -171.739898682 0.770438356023 14444.0 14446.0 0.96
-3.96239185333 -180.586120605 -171.675338745 0.78439462704 14444.0 14349.0 0.364
-3.94956660271 -180.569152832 -171.610046387 0.798726621802 14344.0 14349.0 0.44
-3.94116854668 -180.564651489 -171.568313599 0.805904824084 14344.0 14344.0 0.0
-3.94104337692 -180.564605713 -171.567855835 0.80601764427 14410.0 14344.0 0.996
-3.90990591049 -180.553787231 -171.45211792 0.834109870523 14410.0 14410.0 0.0
-3.89768362045 -180.551177979 -171.355926514 0.854853252995 13351.0 13351.0 0.0
-3.89764022827 -180.55116272 -171.355697632 0.854905597448 12763.0 13351.0 0.988
-3.89406251907 -180.550033569 -171.336746216 0.859215290761 12763.0 12763.0 0.0
-3.89388990402 -180.550048828 -171.336044312 0.859355466697 80667.0 12763.0 0.98
-3.88543486595 -180.550872803 -171.30166626 0.866224087585 80667.0 80667.0 0.0
-3.87776827812 -180.554122925 -171.262283325 0.873005578527 80670.0 80670.0 0.0
-3.87667274475 -180.555343628 -171.254455566 0.87390294672 80671.0 12758.0 0.04
-3.872808218 -180.559967041 -171.231964111 0.876055559059 13287.0 13287.0 0.0
-3.85492277145 -180.571929932 -171.110137939 0.885629902463 13298.0 13782.0 0.076
-3.84438323975 -180.593093872 -170.9556427 0.911020097108 13780.0 12618.0 0.816
-3.84202408791 -180.599502563 -170.9243927 0.916089916527 12618.0 13202.0 0.188
-3.84224891663 -180.606033325 -170.899337769 0.920218951171 13692.0 13694.0 0.312
-3.8368563652 -180.629058838 -170.82019043 0.931814523723 12675.0 13695.0 0.736
-3.82200479507 -180.657409668 -170.71421814 0.949796740543 13064.0 13209.0 0.988
-3.82189846039 -180.658004761 -170.712417603 0.950070111379 13209.0 357.0 0.208
-3.82005858421 -180.663696289 -170.70211792 0.950507796682 13060.0 357.0 0.912
-3.81402587891 -180.689315796 -170.656295776 0.952337754683 13060.0 13060.0 0.0
-3.80894207954 -180.714416504 -170.615570068 0.954827482298 13081.0 11467.0 0.584
-3.8069627285 -180.72253418 -170.603866577 0.95535820588 11467.0 11467.0 0.0
-3.80119991302 -180.746612549 -170.562286377 0.956201764121 13054.0 13061.0 0.3
-3.79919338226 -180.754043579 -170.548568726 0.956394263972 13054.0 13054.0 0.0
-3.79914689064 -180.754211426 -170.54826355 0.956410817476 13050.0 13054.0 0.988
-3.79532694817 -180.76739502 -170.522872925 0.957773722607 13050.0 13050.0 0.0
-3.79141521454 -180.77835083 -170.503890991 0.958627881173 13175.0 13175.0 0.0
-3.77446436882 -180.825912476 -170.419067383 0.958698661485 13171.0 13171.0 0.0
-3.7744178772 -180.826049805 -170.418807983 0.958712315023 12095.0 13171.0 0.996
-3.76283931732 -180.858596802 -170.353057861 0.962112046038 12095.0 12095.0 0.0
-3.75464844704 -180.88583374 -170.306365967 0.964799062079 11161.0 12574.0 0.64
-3.75128412247 -180.895217896 -170.291992188 0.965173685492 11492.0 12574.0 0.732
-3.74980998039 -180.898971558 -170.285827637 0.965372247723 12573.0 11492.0 0.964
-3.74021339417 -180.941207886 -170.216583252 0.966888902864 12107.0 12527.0 0.352
-3.73395681381 -180.98109436 -170.147109985 0.971283456094 12053.0 12026.0 0.468
-3.72962069511 -181.00668335 -170.110641479 0.972480297686 12061.0 11493.0 0.024
-3.72431635857 -181.047729492 -170.044143677 0.974909087894 11546.0 11546.0 0.0
-3.7191286087 -181.090072632 -169.969970703 0.974931457798 12028.0 12028.0 0.0
-3.71912336349 -181.090133667 -169.96987915 0.974927879498 11941.0 12028.0 0.964
-3.71898269653 -181.091720581 -169.967544556 0.974832060555 11941.0 11941.0 0.0
-3.70401978493 -181.183273315 -169.848342896 0.972894612987 12049.0 12049.0 0.0
-3.69948959351 -181.219070435 -169.789398193 0.973212824639 10955.0 10955.0 0.0
-3.69140529633 -181.285598755 -169.702438354 0.970454085077 9849.0 9849.0 0.0
-3.68963623047 -181.421951294 -169.515258789 0.961709720389 10957.0 10957.0 0.0
-3.68988776207 -181.505081177 -169.394744873 0.957172495532 58191.0 58191.0 0.0
-3.68894648552 -181.530563354 -169.364517212 0.956678026992 6569.0 58195.0 0.76
-3.68736147881 -181.545715332 -169.344985962 0.956103911136 58195.0 9944.0 0.124
-3.68825507164 -181.617034912 -169.244430542 0.950768333831 9799.0 9799.0 0.0
-3.68367862701 -181.704711914 -169.130783081 0.948029687474 9810.0 9810.0 0.0
-3.68366360664 -181.704788208 -169.130661011 0.948028822729 9752.0 9810.0 0.992
-3.68179512024 -181.714691162 -169.116363525 0.947921594336 9752.0 9752.0 0.0
-3.67582607269 -181.784408569 -169.031539917 0.944396319267 9768.0 9768.0 0.0
-3.67922925949 -181.854629517 -168.935775757 0.943115114914 20524.0 9339.0 0.936
-3.68260669708 -181.889160156 -168.894866943 0.943558836153 20526.0 20526.0 0.0
-3.6961979866 -181.990646362 -168.769439697 0.936318975949 9276.0 9276.0 0.0
-3.703799963 -182.008346558 -168.743804932 0.932880740596 8755.0 8755.0 0.0
-3.73601126671 -182.150268555 -168.579284668 0.920020231853 8747.0 8747.0 0.0
-3.73651170731 -182.151702881 -168.577468872 0.919837963489 8744.0 8743.0 0.988
-3.750685215 -182.219100952 -168.502151489 0.914471485111 5185.0 5185.0 0.0
-3.76150226593 -182.264297485 -168.454269409 0.908107354267 7305.0 7305.0 0.0
-3.76839470863 -182.299972534 -168.416107178 0.902301987087 7901.0 7901.0 0.0
-3.78326535225 -182.393859863 -168.311904907 0.895047606477 8238.0 8238.0 0.0
-3.80593132973 -182.478240967 -168.221878052 0.887447792106 8217.0 8217.0 0.0
-3.80654191971 -182.479949951 -168.220230103 0.887082808514 8220.0 8218.0 0.94
-3.83660578728 -182.607589722 -168.082519531 0.865089724801 7627.0 7631.0 0.004
-3.83666706085 -182.60798645 -168.082061768 0.865045669236 7627.0 7626.0 0.008
-3.83831930161 -182.628509521 -168.056381226 0.86241410335 7288.0 7581.0 0.688
-3.85773062706 -182.718170166 -167.96333313 0.848162345565 7615.0 7604.0 0.756
-3.8788497448 -182.779922485 -167.909683228 0.839314114161 2745.0 6253.0 0.14
-3.91062402725 -182.903656006 -167.779159546 0.828527412491 5740.0 5740.0 0.0
-3.93177819252 -183.004119873 -167.686141968 0.827839065453 7548.0 7548.0 0.0
-3.93995118141 -183.036453247 -167.647781372 0.825823237127 7545.0 6025.0 0.056
-3.97049212456 -183.109542847 -167.572265625 0.820906296142 7546.0 7529.0 0.508
-3.99468231201 -183.170211792 -167.507278442 0.821020522539 4971.0 4971.0 0.0
-4.01835918427 -183.231536865 -167.431381226 0.823678776673 6989.0 6989.0 0.0
-4.02904129028 -183.293151855 -167.367324829 0.822300433182 7011.0 6505.0 0.984
-4.02971839905 -183.295715332 -167.365127563 0.822125824771 7008.0 6505.0 0.936
-4.05111312866 -183.362335205 -167.299179077 0.815681098959 5739.0 6063.0 0.536
-4.05969381332 -183.388549805 -167.26864624 0.813669544723 6063.0 13530.0 0.452
-4.07733678818 -183.450378418 -167.191375732 0.811474210545 53186.0 13530.0 0.092
-4.0791888237 -183.455947876 -167.183563232 0.811328525439 3481.0 53186.0 0.876
-4.0870885849 -183.477325439 -167.156265259 0.810917216904 82482.0 3481.0 0.456
-4.0959687233 -183.499221802 -167.131484985 0.809631186692 6042.0 6042.0 0.0
-4.1201171875 -183.569824219 -167.034698486 0.803766470333 53183.0 53183.0 0.0
-4.12065601349 -183.571044922 -167.032302856 0.803489502174 4973.0 4973.0 0.0
-4.15315580368 -183.651779175 -166.917129517 0.785817904671 13553.0 14212.0 0.612
-4.18512916565 -183.711105347 -166.843215942 0.777289143397 4959.0 1185.0 0.804
-4.19515371323 -183.732955933 -166.811889648 0.77473268631 1185.0 4522.0 0.392
-4.21620702744 -183.77104187 -166.749191284 0.771097460517 4522.0 34219.0 0.448
-4.22980546951 -183.803710938 -166.692886353 0.769690762278 120686.0 120686.0 0.0
-4.24297332764 -183.81791687 -166.6615448 0.766360477853 120689.0 120689.0 0.0
-4.27972745895 -183.921951294 -166.529922485 0.758123589423 16275.0 16275.0 0.0
-4.29438209534 -183.983886719 -166.458511353 0.754317667212 4938.0 4938.0 0.0
-4.30284643173 -184.04901123 -166.3931427 0.751109508314 5442.0 5442.0 0.0
-4.30394124985 -184.056594849 -166.386947632 0.750510720359 4423.0 4423.0 0.0
-4.35449457169 -184.183822632 -166.218795776 0.741960657625 4385.0 4385.0 0.0
-4.36376810074 -184.195953369 -166.193450928 0.742020232014 2576.0 4397.0 0.092
-4.38212537766 -184.225250244 -166.150085449 0.739177284654 4396.0 4396.0 0.0
-4.4035449028 -184.283615112 -166.046112061 0.72802748074 3864.0 2026.0 0.728
-4.44514322281 -184.427856445 -165.866699219 0.728308932437 64398.0 64398.0 0.0
-4.46094512939 -184.479797363 -165.798675537 0.726111602522 64394.0 2880.0 0.476
-4.46996545792 -184.527923584 -165.744628906 0.723481424195 44441.0 44441.0 0.0
-4.47249221802 -184.53666687 -165.73135376 0.722600815441 2622.0 2427.0 0.34
-4.51533794403 -184.653686523 -165.573867798 0.72757077699 44438.0 44438.0 0.0
-4.51917123795 -184.663040161 -165.558227539 0.727986412715 2327.0 8651.0 0.668
-4.52033758163 -184.66569519 -165.554046631 0.727964787115 8651.0 8651.0 0.0
-4.5221323967 -184.675247192 -165.538513184 0.726961286714 40185.0 44436.0 0.044
-4.57519626617 -184.819030762 -165.341842651 0.725930630856 3823.0 3823.0 0.0
-4.60885953903 -184.931060791 -165.156463623 0.739787910942 100555.0 100555.0 0.0
-4.63048315048 -184.986236572 -165.079315186 0.756945784286 3760.0 3810.0 0.968
-4.63158035278 -184.988952637 -165.074584961 0.757842990434 3107.0 3809.0 0.872
-4.63372945786 -184.99508667 -165.061386108 0.759002831738 3261.0 3808.0 0.664
-4.64884233475 -185.032745361 -164.99786377 0.761566605028 2739.0 3314.0 0.872
-4.65058326721 -185.03817749 -164.987625122 0.762564412125 3314.0 98342.0 0.172
-4.6590719223 -185.10848999 -164.875320435 0.772974688689 98339.0 98339.0 0.0
-4.66007852554 -185.115600586 -164.857421875 0.773791231853 112134.0 112134.0 0.0
-4.66714906693 -185.177566528 -164.728027344 0.767401987883 1999.0 2817.0 0.996
-4.66710090637 -185.178100586 -164.726669312 0.767364220743 2817.0 45687.0 0.024
-4.67257928848 -185.190887451 -164.666748047 0.762387978803 45687.0 45687.0 0.0
-4.67361497879 -185.192687988 -164.660705566 0.761500012803 112126.0 112125.0 0.948
-4.68720245361 -185.219497681 -164.526733398 0.740300719415 112124.0 2335.0 0.98
-4.6872754097 -185.221298218 -164.515350342 0.738826478994 2015.0 2335.0 0.82
-4.68458890915 -185.23046875 -164.470703125 0.733492646489 2021.0 2015.0 0.936
-4.70026636124 -185.263305664 -164.311721802 0.717886936017 144386.0 144386.0 0.0
-4.70142650604 -185.27053833 -164.278594971 0.714856349397 144385.0 1236.0 0.448
-4.70931720734 -185.278411865 -164.23475647 0.709526317438 112828.0 827.0 0.32
-4.70976257324 -185.27885437 -164.230712891 0.708888247379 124917.0 112828.0 0.668
-4.7369890213 -185.307495117 -164.032958984 0.698515603238 108808.0 124917.0 0.108
-4.73758172989 -185.313400269 -164.002792358 0.698512308172 1347.0 108808.0 0.124
-4.73749446869 -185.314529419 -163.993530273 0.699455157899 1101.0 1347.0 0.912
-4.74095964432 -185.321609497 -163.909164429 0.707651532575 1101.0 1101.0 0.0
-4.74208641052 -185.326568604 -163.871765137 0.71347605197 111524.0 111524.0 0.0
-4.7419462204 -185.326477051 -163.868667603 0.713563763806 155263.0 136844.0 0.028
-4.73897027969 -185.327941895 -163.81578064 0.714548432676 116856.0 136851.0 0.432
-4.73855829239 -185.331466675 -163.783203125 0.714187507168 119894.0 152984.0 0.52
-4.73273515701 -185.334335327 -163.653045654 0.715650736674 112816.0 112816.0 0.0
-4.73250579834 -185.336120605 -163.625793457 0.715175091785 127112.0 70041.0 0.956
-4.73442983627 -185.332427979 -163.511886597 0.714407256638 127112.0 127109.0 0.672
-4.73452043533 -185.33265686 -163.498275757 0.714970144527 127110.0 127109.0 0.368
-4.73433494568 -185.33253479 -163.49395752 0.714960032588 127110.0 108307.0 0.456
-4.73694133759 -185.333709717 -163.401397705 0.713714777861 145567.0 145567.0 0.0
-4.73371505737 -185.331848145 -163.335876465 0.714621801618 139404.0 139396.0 0.052
-4.73065567017 -185.335708618 -163.301834106 0.714850873426 31105.0 31105.0 0.0
-4.72914934158 -185.338180542 -163.249633789 0.715301408566 129675.0 130704.0 0.612
-4.72635507584 -185.340042114 -163.192245483 0.716083762849 119486.0 119486.0 0.0
-4.72628736496 -185.342208862 -163.170196533 0.715815763068 140064.0 140064.0 0.0
-4.72398662567 -185.341384888 -163.031524658 0.717285558774 126156.0 126156.0 0.0
-4.72298812866 -185.340133667 -163.014663696 0.71730996027 126460.0 126155.0 0.596
-4.72715139389 -185.341461182 -162.872665405 0.716093647041 126467.0 126467.0 0.0
-4.72658491135 -185.341140747 -162.852600098 0.716192890518 126462.0 124156.0 0.088
-4.72304010391 -185.338867188 -162.800430298 0.716431323903 2100.0 2100.0 0.0
-4.72399950027 -185.342208862 -162.71446228 0.715526715641 112786.0 112786.0 0.0
-4.72287893295 -185.342407227 -162.686752319 0.715759832993 112931.0 112930.0 0.04
-4.72071933746 -185.341018677 -162.643295288 0.716666729401 110402.0 110402.0 0.0
-4.7237071991 -185.344909668 -162.577789307 0.714511313767 118220.0 118220.0 0.0
-4.72103261948 -185.344985962 -162.464645386 0.714713056588 127631.0 127631.0 0.0
-4.72091627121 -185.340637207 -162.42137146 0.717137933346 119308.0 119308.0 0.0
-4.72146224976 -185.341705322 -162.378097534 0.714721668771 119303.0 119303.0 0.0
-4.72325277328 -185.344039917 -162.287445068 0.714970239082 117024.0 117024.0 0.0
-4.72001552582 -185.344223022 -162.187179565 0.716623160377 127395.0 127395.0 0.0
-4.72206878662 -185.344573975 -162.141113281 0.715401864105 133114.0 145498.0 0.328
-4.7218875885 -185.345626831 -162.058319092 0.714675450056 133117.0 133117.0 0.0
-4.72079181671 -185.341522217 -162.009506226 0.715287979647 8587.0 108142.0 0.136
-4.72752952576 -185.342315674 -161.917297363 0.713376261516 22052.0 136456.0 0.58
-4.72730302811 -185.336257935 -161.810211182 0.715538201227 89423.0 89423.0 0.0
-4.72982358932 -185.337799072 -161.778518677 0.715081956666 127873.0 117058.0 0.944
-4.73043727875 -185.337539673 -161.759780884 0.714249332311 124423.0 124428.0 0.08
-4.72882604599 -185.337905884 -161.633682251 0.717665070339 124425.0 124425.0 0.0
-4.73160791397 -185.336730957 -161.614456177 0.716520487252 60748.0 60748.0 0.0
-4.72540569305 -185.342224121 -161.466018677 0.71562583497 89421.0 89421.0 0.0
-4.72537088394 -185.342224121 -161.465744019 0.715637316513 60746.0 89421.0 0.992
-4.72104454041 -185.342590332 -161.432113647 0.7170610278 60746.0 60746.0 0.0
-4.72249937057 -185.343505859 -161.398345947 0.716352555848 99903.0 99903.0 0.0
-4.72212362289 -185.343643188 -161.396255493 0.716293266862 64583.0 99902.0 0.996
-4.71671485901 -185.347854614 -161.274383545 0.714227939012 139877.0 139877.0 0.0
-4.71649122238 -185.346908569 -161.246963501 0.715770324805 139878.0 139878.0 0.0
-4.72245407104 -185.346298218 -161.149261475 0.712876837848 112663.0 112663.0 0.0
-4.72282934189 -185.340881348 -161.066299438 0.714197855397 136417.0 119716.0 0.056
-4.72311592102 -185.340759277 -161.06098938 0.71447837683 145763.0 136417.0 0.892
-4.7207942009 -185.343597412 -161.00843811 0.717280049176 145763.0 145763.0 0.0
-4.72079181671 -185.343597412 -161.008407593 0.71727995036 122634.0 145763.0 0.988
-4.72060537338 -185.343521118 -161.00642395 0.717271814573 122634.0 122634.0 0.0
-4.72191333771 -185.346923828 -160.891998291 0.712643608167 145760.0 145760.0 0.0
-4.71909952164 -185.34286499 -160.789337158 0.716244394241 117708.0 117708.0 0.0
-4.72149372101 -185.342803955 -160.750854492 0.715234074819 112658.0 112658.0 0.0
-4.72243213654 -185.345153809 -160.653442383 0.714069317598 119798.0 119798.0 0.0
-4.7210483551 -185.346420288 -160.549423218 0.713459842558 111767.0 111767.0 0.0
-4.71919059753 -185.347366333 -160.462600708 0.713415940182 12120.0 151985.0 0.6
-4.71480703354 -185.345962524 -160.387969971 0.716101657377 151988.0 151988.0 0.0
-4.71472358704 -185.34664917 -160.381362915 0.715645792459 119791.0 151987.0 0.956
-4.71986913681 -185.347686768 -160.249511719 0.713191520107 16647.0 16647.0 0.0
-4.7209277153 -185.343719482 -160.194702148 0.715556635423 122794.0 122794.0 0.0
-4.71957349777 -185.344696045 -160.149963379 0.715136210132 153775.0 153774.0 0.592
-4.71967744827 -185.34703064 -160.102996826 0.713857598033 110616.0 153775.0 0.892
-4.71578550339 -185.344146729 -159.99230957 0.715995052789 129676.0 129676.0 0.0
-4.72128534317 -185.346725464 -159.923690796 0.713820837312 107779.0 107779.0 0.0
-4.72137641907 -185.343902588 -159.784927368 0.716344526069 127991.0 127991.0 0.0
-4.72161245346 -185.343414307 -159.77154541 0.716403557747 130096.0 130042.0 0.012
-4.7216219902 -185.343429565 -159.771209717 0.716384504001 130096.0 98222.0 0.008
-4.72317504883 -185.345199585 -159.68145752 0.713937750629 118079.0 98222.0 0.308
-4.72175931931 -185.346054077 -159.63911438 0.713827467553 118079.0 151843.0 0.54
-4.71955394745 -185.345977783 -159.607025146 0.714588019078 151845.0 151845.0 0.0
-4.71733093262 -185.345184326 -159.56968689 0.716686899639 151847.0 151847.0 0.0
-4.71836233139 -185.346176147 -159.510818481 0.714757267532 122663.0 132141.0 0.404
-4.7182841301 -185.346481323 -159.422805786 0.715203620218 132143.0 132143.0 0.0
-4.71586370468 -185.345199585 -159.389129639 0.716275823196 140076.0 139213.0 0.944
-4.71957540512 -185.347610474 -159.328536987 0.713559498134 146005.0 146005.0 0.0
-4.72198200226 -185.346679688 -159.251678467 0.713114357991 146008.0 146008.0 0.0
-4.71677017212 -185.3462677 -159.179260254 0.715217198931 139209.0 139209.0 0.0
-4.71685600281 -185.350128174 -159.088531494 0.711752727574 118166.0 134037.0 0.876
-4.71678972244 -185.350219727 -159.075820923 0.711696957393 127246.0 134037.0 0.908
-4.71749544144 -185.346862793 -158.9894104 0.715477058674 4239.0 4239.0 0.0
-4.71698522568 -185.347427368 -158.957107544 0.715210416557 154941.0 154941.0 0.0
-4.72009992599 -185.343811035 -158.83732605 0.715286791215 32847.0 32847.0 0.0
-4.72061014175 -185.345809937 -158.809829712 0.714229161852 96805.0 32225.0 0.932
-4.71963071823 -185.347229004 -158.788116455 0.713777765022 134044.0 134041.0 0.732
-4.71822452545 -185.349105835 -158.699356079 0.713608040623 134043.0 134043.0 0.0
-4.71822404861 -185.349105835 -158.699356079 0.713608182718 139659.0 134043.0 0.996
-4.71816396713 -185.349075317 -158.697982788 0.713643564249 139659.0 139659.0 0.0
-4.71627902985 -185.347732544 -158.665420532 0.714363361552 139660.0 139660.0 0.0
-4.71950340271 -185.347763062 -158.559127808 0.713325675027 113350.0 47821.0 0.692
-4.72059488297 -185.345291138 -158.504119873 0.714771065442 110409.0 47821.0 0.172
-4.72029685974 -185.344177246 -158.489868164 0.715388810061 50233.0 110409.0 0.464
-4.71966123581 -185.343719482 -158.482131958 0.71561225894 119078.0 50233.0 0.952
-4.72221899033 -185.347000122 -158.379333496 0.713035098521 126066.0 126066.0 0.0
-4.72166204453 -185.346710205 -158.345916748 0.713466831514 49256.0 97225.0 0.02
-4.71873188019 -185.345581055 -158.302215576 0.714362351062 6577.0 26371.0 0.084
-4.71884775162 -185.346191406 -158.291824341 0.714151299869 119744.0 6577.0 0.836
-4.7214641571 -185.346969604 -158.229598999 0.712593984565 119744.0 119745.0 0.404
-4.7208366394 -185.343902588 -158.12336731 0.71623458012 112541.0 112541.0 0.0
-4.72074127197 -185.343780518 -158.122070312 0.716262228751 119741.0 126428.0 0.948
-4.72534704208 -185.343566895 -157.979309082 0.714207186512 129078.0 129078.0 0.0
-4.72527074814 -185.343582153 -157.978546143 0.714244647612 129076.0 129078.0 0.984
-4.72058296204 -185.344985962 -157.931411743 0.716548505233 129076.0 129076.0 0.0
-4.71929788589 -185.344696045 -157.920654297 0.716942127575 63340.0 63340.0 0.0
-4.71656656265 -185.349411011 -157.792388916 0.714050629133 62421.0 62421.0 0.0
-4.72016859055 -185.346862793 -157.706970215 0.713530362132 91988.0 91992.0 0.76
-4.7207274437 -185.347549438 -157.688217163 0.712972179122 91990.0 91992.0 0.888
-4.7214550972 -185.34677124 -157.632522583 0.712969258595 91990.0 91991.0 0.884
-4.72096300125 -185.345718384 -157.601623535 0.713832125151 39341.0 26375.0 0.8
-4.71935892105 -185.342483521 -157.557128906 0.715330309032 109128.0 134716.0 0.564
-4.72249507904 -185.345687866 -157.487472534 0.713437411388 139904.0 139904.0 0.0
-4.71807146072 -185.345565796 -157.362197876 0.715922578657 139985.0 139985.0 0.0
-4.71813488007 -185.344772339 -157.346893311 0.716017049699 139986.0 150991.0 0.06
-4.72050333023 -185.348342896 -157.221054077 0.713161907081 138321.0 138321.0 0.0
-4.71827888489 -185.343734741 -157.141799927 0.715644757435 125504.0 125504.0 0.0
-4.71715497971 -185.348892212 -157.089538574 0.713679007061 113340.0 112721.0 0.74
-4.71661663055 -185.349349976 -157.076629639 0.713477715578 138602.0 112721.0 0.904
-4.71393013 -185.34765625 -156.949813843 0.715413755668 139140.0 139140.0 0.0
-4.7140827179 -185.346847534 -156.944366455 0.715627956313 139139.0 139138.0 0.964
-4.72054815292 -185.346359253 -156.829238892 0.713365513277 139136.0 138376.0 0.328
-4.72032165527 -185.340881348 -156.738479614 0.716725809363 126441.0 134136.0 0.256
-4.72328996658 -185.343612671 -156.702011108 0.715712496486 112598.0 112598.0 0.0
-4.72380495071 -185.345199585 -156.592514038 0.713428875958 112670.0 112670.0 0.0
-4.71757745743 -185.345291138 -156.510177612 0.714353637311 134068.0 112666.0 0.244
-4.71923065186 -185.346572876 -156.467834473 0.71425472389 112666.0 133392.0 0.472
-4.71872997284 -185.344818115 -156.402267456 0.714625079315 133392.0 133393.0 0.852
-4.71814727783 -185.344833374 -156.393310547 0.714578362452 133393.0 133393.0 0.0
-4.71792459488 -185.344223022 -156.348815918 0.716571478929 133398.0 133398.0 0.0
-4.71857690811 -185.344482422 -156.342758179 0.716373197674 127919.0 114866.0 0.792
-4.72073507309 -185.34463501 -156.310913086 0.714720399582 114866.0 133399.0 0.708
-4.72169160843 -185.344604492 -156.297744751 0.714047322428 58897.0 133399.0 0.996
-4.72221660614 -185.343795776 -156.169952393 0.716049358395 99568.0 99568.0 0.0
-4.72055578232 -185.344589233 -156.126907349 0.715378163806 31112.0 118934.0 0.668
-4.72072458267 -185.347824097 -156.074935913 0.713027338037 118922.0 118922.0 0.0
-4.71903657913 -185.344406128 -155.934326172 0.717495499878 118927.0 118927.0 0.0
-4.72314834595 -185.344894409 -155.804870605 0.714657660297 136741.0 136736.0 0.932
-4.72260856628 -185.345123291 -155.785079956 0.71530138072 96536.0 136734.0 0.008
-4.71961736679 -185.342422485 -155.741088867 0.716131035541 108185.0 92373.0 0.844
-4.71902227402 -185.341918945 -155.728408813 0.716124423133 64099.0 92373.0 0.784
-4.71914720535 -185.345321655 -155.684661865 0.715692222519 64088.0 108177.0 0.432
-4.72040605545 -185.34753418 -155.596740723 0.714154693528 108177.0 78416.0 0.548
-4.71764850616 -185.344406128 -155.526885986 0.715779042414 66235.0 66235.0 0.0
-4.72041082382 -185.34715271 -155.468460083 0.713330830144 69144.0 96535.0 0.944
-4.72060823441 -185.347442627 -155.38319397 0.713000873379 139424.0 139424.0 0.0
-4.72083234787 -185.345916748 -155.357009888 0.714058995261 139427.0 139426.0 0.876
-4.72314977646 -185.340164185 -155.308563232 0.717268608077 98576.0 98576.0 0.0
-4.72335243225 -185.345077515 -155.16468811 0.714800540858 115607.0 115607.0 0.0
-4.72240781784 -185.345275879 -155.145126343 0.715734806729 125532.0 130112.0 0.52
-4.72162485123 -185.345001221 -155.134963989 0.716074541509 130108.0 125532.0 0.704
-4.71959066391 -185.343719482 -155.105697632 0.717140803877 130109.0 130109.0 0.0
-4.72235870361 -185.344711304 -154.999786377 0.714512411681 130103.0 130103.0 0.0
-4.7206492424 -185.340057373 -154.923461914 0.716031992271 98577.0 98577.0 0.0
-4.72267723083 -185.344985962 -154.865768433 0.713985207093 126117.0 98578.0 0.996
-4.72272348404 -185.344100952 -154.726409912 0.715752506942 100891.0 100891.0 0.0
-4.72197961807 -185.340682983 -154.69921875 0.716408603395 81756.0 108898.0 0.976
-4.72227048874 -185.340270996 -154.679229736 0.715419006226 145251.0 154877.0 0.044
-4.72386980057 -185.346206665 -154.568389893 0.713697662624 154874.0 154874.0 0.0
-4.72057437897 -185.342376709 -154.479400635 0.715341219829 145248.0 145248.0 0.0
-4.72155618668 -185.344528198 -154.432983398 0.715735979063 138493.0 138493.0 0.0
-4.72132444382 -185.342788696 -154.385040283 0.71538491602 155694.0 155694.0 0.0
-4.72169828415 -185.342758179 -154.382049561 0.715381683146 155695.0 81759.0 0.016
-4.72541379929 -185.341644287 -154.26020813 0.715227149387 24643.0 24643.0 0.0
-4.72535324097 -185.341369629 -154.256652832 0.715239772461 112920.0 112920.0 0.0
-4.72491979599 -185.340530396 -154.182052612 0.714976544619 48373.0 112915.0 0.164
-4.72523736954 -185.342437744 -154.155334473 0.714630074322 25841.0 108100.0 0.46
-4.7206401825 -185.345016479 -154.058441162 0.714806976829 112836.0 103695.0 0.268
-4.72041749954 -185.344970703 -154.056213379 0.714808239853 112836.0 112837.0 0.324
-4.7183804512 -185.345779419 -154.021408081 0.713862444473 112837.0 118723.0 0.672
-4.71968364716 -185.347412109 -153.936706543 0.713853603561 151833.0 151833.0 0.0
-4.71945667267 -185.347351074 -153.930847168 0.713906664284 151836.0 151832.0 0.916
-4.72258663177 -185.344421387 -153.862854004 0.714183087051 151837.0 151837.0 0.0
-4.72061920166 -185.344436646 -153.752685547 0.714256068287 67932.0 67932.0 0.0
-4.72263669968 -185.344512939 -153.726593018 0.714032611782 138513.0 137425.0 0.848
-4.72146272659 -185.347167969 -153.648239136 0.713335085001 143840.0 117656.0 0.88
-4.72003698349 -185.346664429 -153.627349854 0.713759105568 117656.0 126448.0 0.34
-4.72005271912 -185.34677124 -153.540588379 0.713568861428 126457.0 126448.0 0.084
-4.7201499939 -185.347015381 -153.536514282 0.713463732563 126457.0 126457.0 0.0
-4.71949243546 -185.345184326 -153.412536621 0.716130527775 108510.0 108510.0 0.0
-4.71934366226 -185.345687866 -153.408966064 0.715979115778 134807.0 139323.0 0.872
-4.71833372116 -185.347015381 -153.395217896 0.714873591136 134808.0 134807.0 0.612
-4.71190690994 -185.349899292 -153.251052856 0.714130398931 134806.0 134806.0 0.0
-4.71536779404 -185.34815979 -153.216293335 0.714219117494 126446.0 112397.0 0.44
-4.72049570084 -185.347473145 -153.176345825 0.714280261479 127710.0 127710.0 0.0
-4.72049570084 -185.347473145 -153.176345825 0.714280199383 151519.0 127710.0 0.996
-4.72053527832 -185.347518921 -153.174713135 0.714264737562 151519.0 151519.0 0.0
-4.7201166153 -185.344238281 -153.07723999 0.714009033468 137473.0 137473.0 0.0
-4.72257375717 -185.343032837 -153.042205811 0.71510455009 4166.0 4166.0 0.0
-4.72275924683 -185.345794678 -152.93927002 0.71320153247 132640.0 132640.0 0.0
-4.71849727631 -185.34387207 -152.869354248 0.714603480305 132010.0 132010.0 0.0
-4.72126531601 -185.345474243 -152.782028198 0.715632283207 130292.0 130292.0 0.0
-4.72036838531 -185.345489502 -152.771133423 0.715452340088 65080.0 65080.0 0.0
-4.72125577927 -185.348175049 -152.674789429 0.713094437768 106097.0 106097.0 0.0
-4.71875333786 -185.345123291 -152.575927734 0.714598846433 130290.0 130290.0 0.0
-4.72220802307 -185.345993042 -152.535140991 0.714090143444 130286.0 143955.0 0.44
-4.72353792191 -185.34437561 -152.443374634 0.714269191762 130287.0 130287.0 0.0
-4.72037506104 -185.34286499 -152.403518677 0.714813190214 113100.0 113100.0 0.0
-4.73021268845 -185.337875366 -152.317687988 0.713910450126 113101.0 113258.0 0.18
-4.73096418381 -185.336502075 -152.305633545 0.714111800147 113101.0 15629.0 0.168
-4.73917818069 -185.329971313 -152.218276978 0.714112777651 88016.0 107007.0 0.024
-4.73967456818 -185.32951355 -152.214675903 0.714126691508 78070.0 88016.0 0.88
-4.74393939972 -185.326370239 -152.198928833 0.714313071837 153114.0 153114.0 0.0
-4.74393939972 -185.326370239 -152.198928833 0.714312986487 153113.0 153114.0 0.988
-4.74394035339 -185.32635498 -152.198745728 0.714305959336 153113.0 153113.0 0.0
-4.75684547424 -185.31980896 -152.091384888 0.710184719611 68284.0 118709.0 0.732
-4.75925302505 -185.313568115 -152.035629272 0.709655190301 110028.0 119625.0 0.616
-4.7671880722 -185.312316895 -151.966064453 0.707479854578 119626.0 31140.0 0.888
-4.76820516586 -185.311187744 -151.940307617 0.707197056689 112995.0 31140.0 0.748
-4.77062177658 -185.305725098 -151.867172241 0.70785147566 126366.0 126366.0 0.0
-4.77042531967 -185.305862427 -151.850067139 0.708130809846 119027.0 126367.0 0.496
-4.77210855484 -185.307067871 -151.823913574 0.707184248306 127648.0 127648.0 0.0
-4.79444885254 -185.273361206 -151.694198608 0.68896134794 127653.0 127653.0 0.0
-4.80802536011 -185.251220703 -151.613937378 0.670148854523 128828.0 128828.0 0.0
-4.8468298912 -185.195327759 -151.541091919 0.602114328899 120036.0 8565.0 0.604
-4.86460018158 -185.163146973 -151.508361816 0.567180424398 124036.0 124038.0 0.736
-4.89312362671 -185.069030762 -151.407318115 0.470293299395 145462.0 136082.0 0.004
-4.89316034317 -185.068618774 -151.406936646 0.469910474704 145462.0 145462.0 0.0
-4.89316654205 -185.06854248 -151.406845093 0.4698335462 145461.0 145462.0 0.992
-4.8939614296 -185.0597229 -151.396011353 0.460294411634 145461.0 145461.0 0.0
