X Y Z MaximumInscribedSphereRadius EdgeArray0 EdgeArray1 EdgePCoordArray
43.845035552978516 37.014137268066406 -12.620718002319336 0.4084616636246645 163009.0 163009.0 0.0
43.84113311767578 37.011905670166016 -12.622039794921875 0.41162523645464255 256596.0 252837.0 0.9160000000000007
43.803871154785156 36.996604919433594 -12.633935928344727 0.4396840063156098 256596.0 232470.0 0.17600000000000013
43.666343688964844 36.94089889526367 -12.640300750732422 0.5430795007749605 277787.0 232470.0 0.7160000000000005
43.65250778198242 36.93680953979492 -12.649947166442871 0.5537775409412811 225184.0 277788.0 0.7360000000000005
43.64061737060547 36.93378829956055 -12.657367706298828 0.5628696891689718 277784.0 277788.0 0.9680000000000007
43.49292755126953 36.890480041503906 -12.711920738220215 0.6748560618729771 277785.0 254684.0 0.18800000000000014
43.47128677368164 36.880531311035156 -12.713757514953613 0.6916312992405964 274525.0 277785.0 0.9720000000000008
43.446651458740234 36.87141799926758 -12.712574005126953 0.7097929919608438 224649.0 277786.0 0.9720000000000008
43.31023406982422 36.8106803894043 -12.729652404785156 0.8116773880497783 236086.0 254683.0 0.028
43.30585861206055 36.8089485168457 -12.730388641357422 0.8148883387274017 232438.0 236086.0 0.9080000000000007
43.295127868652344 36.79758834838867 -12.727458000183105 0.8204819904231667 217008.0 217008.0 0.0
43.25209045410156 36.750518798828125 -12.72228717803955 0.8405138120558432 232550.0 252139.0 0.9360000000000007
43.25101089477539 36.74938201904297 -12.722319602966309 0.8409087656263247 252138.0 252139.0 0.7160000000000005
43.249568939208984 36.74723815917969 -12.723081588745117 0.841109923577333 252138.0 176506.0 0.008
43.182655334472656 36.61842727661133 -12.75647258758545 0.8482065959051802 232540.0 232540.0 0.0
43.182640075683594 36.618408203125 -12.756479263305664 0.8482084317203153 232267.0 232540.0 0.9960000000000008
43.17910385131836 36.61331558227539 -12.758140563964844 0.8486655496889501 232267.0 232267.0 0.0
43.10964584350586 36.4583854675293 -12.80959415435791 0.84991510657141 240095.0 240095.0 0.0
43.106651306152344 36.45077133178711 -12.811479568481445 0.8498210488981058 240096.0 232269.0 0.23600000000000018
43.041847229003906 36.31098556518555 -12.859156608581543 0.8501276149098601 226755.0 226755.0 0.0
43.023773193359375 36.27054214477539 -12.870381355285645 0.8486327234599161 232356.0 231688.0 0.2480000000000002
43.01008605957031 36.24104690551758 -12.879870414733887 0.8478449010601522 222769.0 232744.0 0.060000000000000026
42.96771240234375 36.14419937133789 -12.915397644042969 0.8501395666404914 232743.0 232743.0 0.0
42.96771240234375 36.14419937133789 -12.915397644042969 0.8501396202732212 232295.0 232743.0 0.9960000000000008
42.96757507324219 36.143978118896484 -12.915486335754395 0.8501529748229281 232295.0 232295.0 0.0
42.90837860107422 36.000205993652344 -12.965356826782227 0.8485824862185294 178528.0 178528.0 0.0
42.90419006347656 35.993751525878906 -12.967806816101074 0.8489043818284094 213515.0 252110.0 0.004
42.834964752197266 35.8403434753418 -13.019132614135742 0.8489541844496978 219353.0 219353.0 0.0
42.83249282836914 35.833499908447266 -13.021158218383789 0.8486689221219552 252117.0 229638.0 0.9280000000000007
42.77267837524414 35.70248794555664 -13.065831184387207 0.8487583219643304 236350.0 236350.0 0.0
42.75886154174805 35.6722412109375 -13.073390007019043 0.8483223686903251 231817.0 254690.0 0.5960000000000004
42.73504638671875 35.622535705566406 -13.088875770568848 0.8473490363368559 218307.0 254689.0 0.9680000000000007
42.69468688964844 35.532405853271484 -13.122766494750977 0.8503742717993991 241098.0 241098.0 0.0
42.69415283203125 35.531471252441406 -13.12313175201416 0.850414227312796 220124.0 222774.0 0.004
42.646602630615234 35.42192840576172 -13.161177635192871 0.8497057943434629 232182.0 232182.0 0.0
42.635887145996094 35.39448165893555 -13.168585777282715 0.8486211720487644 237103.0 239164.0 0.46000000000000035
42.57063293457031 35.250083923339844 -13.217060089111328 0.8506294422258686 237088.0 237088.0 0.0
42.57020568847656 35.249114990234375 -13.21727466583252 0.8506278072756888 239162.0 232180.0 0.10400000000000006
42.51057052612305 35.119300842285156 -13.259674072265625 0.8501719812139541 237094.0 237094.0 0.0
42.5018196105957 35.0999755859375 -13.26717758178711 0.8512780618183667 200692.0 200692.0 0.0
42.49644470214844 35.08736038208008 -13.270541191101074 0.8506727239714882 211049.0 211049.0 0.0
42.43333435058594 34.943748474121094 -13.319720268249512 0.850385454470463 210277.0 210277.0 0.0
42.426570892333984 34.93238830566406 -13.324319839477539 0.8509436690876501 208684.0 210269.0 0.008
42.371360778808594 34.79692077636719 -13.370210647583008 0.8498176198784263 210777.0 210777.0 0.0
42.366485595703125 34.78836441040039 -13.373762130737305 0.8500046375916155 54095.0 54095.0 0.0
42.299583435058594 34.63448715209961 -13.427231788635254 0.8483840926148759 108484.0 108484.0 0.0
42.2965087890625 34.62956237792969 -13.42895221710205 0.8486610861472285 254792.0 206005.0 0.016
42.240169525146484 34.50983810424805 -13.467925071716309 0.8503720075315917 254781.0 254781.0 0.0
42.2342414855957 34.49604415893555 -13.471369743347168 0.8500271603761514 108164.0 254783.0 0.5520000000000004
42.22661209106445 34.47945785522461 -13.476576805114746 0.8496628860201837 254783.0 254784.0 0.11200000000000007
42.178565979003906 34.36883544921875 -13.514589309692383 0.8492992064329096 267212.0 267212.0 0.0
42.16032409667969 34.33424758911133 -13.526450157165527 0.8497317482371889 267215.0 267214.0 0.47200000000000036
42.14594268798828 34.30148696899414 -13.536548614501953 0.8489034666079763 155273.0 130646.0 0.9480000000000007
42.113712310791016 34.22996139526367 -13.562576293945312 0.8491297217310677 29457.0 231973.0 0.2960000000000002
42.1048469543457 34.208404541015625 -13.568197250366211 0.8486238989928052 231973.0 29456.0 0.9320000000000007
42.09125518798828 34.17661666870117 -13.578048706054688 0.8484417868398269 213464.0 29456.0 0.5760000000000004
42.07318878173828 34.1361198425293 -13.590524673461914 0.8483121051542567 213464.0 213464.0 0.0
42.03768539428711 34.060752868652344 -13.621016502380371 0.8498850299333129 173127.0 173127.0 0.0
42.008270263671875 33.99953079223633 -13.639705657958984 0.8507384917012316 59947.0 59947.0 0.0
42.00433349609375 33.98958969116211 -13.643073081970215 0.8503686912676265 241443.0 219470.0 0.9480000000000007
41.97032165527344 33.9071044921875 -13.672011375427246 0.8498898360055177 241442.0 241443.0 0.016
41.970054626464844 33.906429290771484 -13.672205924987793 0.8498971145192972 241442.0 222378.0 0.024
41.935028076171875 33.83000946044922 -13.698478698730469 0.849302726881484 222383.0 222383.0 0.0
41.90485382080078 33.75522232055664 -13.719514846801758 0.848098799518442 213103.0 213103.0 0.0
41.88987350463867 33.72477340698242 -13.729584693908691 0.8481651843857095 17986.0 17986.0 0.0
41.857025146484375 33.66221237182617 -13.75405502319336 0.8493772218618816 245393.0 245393.0 0.0
41.83359146118164 33.6086540222168 -13.7708101272583 0.8499516940797452 245387.0 245387.0 0.0
41.81537628173828 33.56745147705078 -13.785215377807617 0.8510733468000481 109643.0 109643.0 0.0
41.80181884765625 33.52986526489258 -13.796808242797852 0.84849127806527 208158.0 208158.0 0.0
41.75275421142578 33.422264099121094 -13.83265209197998 0.8489456972906029 243464.0 243464.0 0.0
41.75270462036133 33.422149658203125 -13.832701683044434 0.8489487929426642 231591.0 243464.0 0.9960000000000008
41.74039840698242 33.39337921142578 -13.845071792602539 0.8497196103059406 231591.0 231591.0 0.0
41.6952018737793 33.31272506713867 -13.869274139404297 0.8495390282800088 231596.0 243467.0 0.9640000000000007
41.69483947753906 33.31209945678711 -13.869495391845703 0.8495337270749287 182017.0 243467.0 0.9720000000000008
41.68203353881836 33.290626525878906 -13.875120162963867 0.8491177408496215 243466.0 231440.0 0.1320000000000001
41.6251106262207 33.16127395629883 -13.920816421508789 0.8508690216073983 231442.0 231442.0 0.0
41.6168212890625 33.14775848388672 -13.923429489135742 0.8507214831961915 212182.0 231436.0 0.09200000000000005
41.61672592163086 33.14759063720703 -13.923470497131348 0.8507138731372753 212182.0 231304.0 0.060000000000000026
41.539424896240234 33.010650634765625 -13.968742370605469 0.8497615053990015 231303.0 194576.0 0.09200000000000005
41.53893280029297 33.00983810424805 -13.969107627868652 0.8497716776116907 212725.0 231303.0 0.9280000000000007
41.461891174316406 32.85751724243164 -14.02150821685791 0.8532645912665695 194591.0 194591.0 0.0
41.40614318847656 32.75700378417969 -14.06371021270752 0.8673710716700727 194589.0 194589.0 0.0
41.34828186035156 32.65653991699219 -14.104257583618164 0.8778766867382909 193835.0 193836.0 0.5520000000000004
41.333744049072266 32.62274932861328 -14.12118911743164 0.8819965096111675 193419.0 139243.0 0.5040000000000003
41.32902526855469 32.610107421875 -14.125959396362305 0.883326374480487 193037.0 193419.0 0.7640000000000006
41.27857208251953 32.50910949707031 -14.160445213317871 0.8922461507227498 95444.0 95444.0 0.0
41.262996673583984 32.48873519897461 -14.166045188903809 0.8949806466284449 74258.0 95445.0 0.3920000000000003
41.189056396484375 32.39470291137695 -14.204232215881348 0.9067016432458375 150884.0 150884.0 0.0
41.12200164794922 32.3015022277832 -14.249368667602539 0.9186962988363037 192100.0 154781.0 0.9760000000000008
41.099510192871094 32.27405548095703 -14.260270118713379 0.9228615349215026 192125.0 192125.0 0.0
41.075111389160156 32.23724365234375 -14.276389122009277 0.926272410257112 191648.0 191648.0 0.0
41.02754592895508 32.18027877807617 -14.30236530303955 0.9317354772313763 191647.0 191647.0 0.0
41.00913619995117 32.14338302612305 -14.312493324279785 0.9331206020372403 191145.0 161080.0 0.8800000000000007
41.00865936279297 32.14241409301758 -14.312811851501465 0.9331311022917242 161080.0 39030.0 0.08800000000000005
40.97410202026367 32.07514953613281 -14.339791297912598 0.9332184689919062 98984.0 98984.0 0.0
40.96699905395508 32.06361770629883 -14.346086502075195 0.932843129463621 186392.0 186384.0 0.5320000000000004
40.89690017700195 31.934816360473633 -14.399742126464844 0.9300867431908838 20632.0 20632.0 0.0
40.85253143310547 31.85098648071289 -14.44278335571289 0.9323974890868837 130048.0 130048.0 0.0
40.803672790527344 31.758989334106445 -14.479172706604004 0.9376681418335935 189995.0 189995.0 0.0
40.80365753173828 31.758955001831055 -14.479187965393066 0.9376684344281511 190366.0 189995.0 0.9720000000000008
40.803192138671875 31.75776481628418 -14.47972297668457 0.9376785916392215 190366.0 190366.0 0.0
40.735172271728516 31.62497329711914 -14.546670913696289 0.9421427461706098 190368.0 190368.0 0.0
40.671634674072266 31.525859832763672 -14.597675323486328 0.9359530845106652 189504.0 189504.0 0.0
40.60098648071289 31.391557693481445 -14.665323257446289 0.9311072765827042 187136.0 66328.0 0.8120000000000006
40.5938835144043 31.378345489501953 -14.673678398132324 0.9308698054236187 189113.0 66328.0 0.45600000000000035
40.5595588684082 31.330873489379883 -14.702101707458496 0.9279825448291107 189112.0 189112.0 0.0
40.51387023925781 31.238176345825195 -14.760763168334961 0.9202321309579524 189487.0 135915.0 0.5560000000000004
40.502235412597656 31.21632194519043 -14.772372245788574 0.918596013222586 135915.0 187116.0 0.6280000000000004
40.48967742919922 31.192411422729492 -14.784370422363281 0.9168738465127576 188558.0 187116.0 0.6320000000000005
40.476661682128906 31.169923782348633 -14.79377555847168 0.913910646675232 188559.0 187119.0 0.5360000000000004
40.450950622558594 31.121984481811523 -14.81972885131836 0.9061079250716444 188556.0 166081.0 0.3760000000000003
40.39830780029297 31.032787322998047 -14.864545822143555 0.8932734342847698 187117.0 187117.0 0.0
40.39823913574219 31.032699584960938 -14.864603042602539 0.893264046211989 186563.0 187117.0 0.9600000000000007
40.39663314819336 31.030609130859375 -14.865975379943848 0.8930387324652495 186563.0 186563.0 0.0
40.38301467895508 31.00530433654785 -14.878408432006836 0.8893319634080579 186553.0 186553.0 0.0
40.310882568359375 30.901123046875 -14.94455623626709 0.87780166942095 166082.0 166082.0 0.0
40.26264953613281 30.846654891967773 -14.976780891418457 0.8706518418758543 158066.0 158066.0 0.0
40.12326431274414 30.672754287719727 -15.097355842590332 0.874229463615917 83935.0 83935.0 0.0
40.10847091674805 30.655475616455078 -15.108349800109863 0.8763466896166435 181396.0 137228.0 0.07200000000000004
40.01762008666992 30.525869369506836 -15.193192481994629 0.9004692357694141 80638.0 80638.0 0.0
40.00847625732422 30.51292610168457 -15.200526237487793 0.9038810642119656 158071.0 143361.0 0.05600000000000002
39.93404006958008 30.427486419677734 -15.260777473449707 0.931132443618899 158070.0 158070.0 0.0
39.87345504760742 30.357666015625 -15.313289642333984 0.960816428562794 53529.0 53529.0 0.0
39.85798263549805 30.339725494384766 -15.32877254486084 0.9690492951336244 187230.0 23889.0 0.5720000000000004
39.82506561279297 30.298870086669922 -15.359066009521484 0.987368570507047 23889.0 182792.0 0.3720000000000003
39.774566650390625 30.253002166748047 -15.398746490478516 1.012064455594595 182792.0 182792.0 0.0
39.71509552001953 30.179922103881836 -15.458837509155273 1.0501745006032561 91351.0 91351.0 0.0
39.671627044677734 30.110902786254883 -15.478545188903809 1.0587168777755398 184279.0 184280.0 0.46400000000000036
39.65324401855469 30.08709144592285 -15.484963417053223 1.061242603995472 184277.0 184280.0 0.8640000000000007
39.614742279052734 30.03666877746582 -15.504292488098145 1.0673369340335752 184277.0 184277.0 0.0
39.60784149169922 30.027790069580078 -15.506956100463867 1.0683687448276944 183798.0 84044.0 0.9440000000000007
39.5576171875 29.956907272338867 -15.524116516113281 1.0750408494429624 183798.0 183798.0 0.0
39.51276779174805 29.90107536315918 -15.5374116897583 1.0822700913322925 183796.0 183796.0 0.0
39.51194763183594 29.89986228942871 -15.53776741027832 1.0824006073461747 183794.0 183796.0 0.9840000000000008
39.46149444580078 29.825254440307617 -15.559616088867188 1.0904273421999413 183794.0 183794.0 0.0
39.448150634765625 29.798233032226562 -15.560172080993652 1.087658663928346 183276.0 183278.0 0.3720000000000003
39.41622543334961 29.734966278076172 -15.550579071044922 1.0739153786700237 181738.0 181739.0 0.20800000000000016
39.369876861572266 29.651111602783203 -15.53211498260498 1.0570332664650781 181734.0 181735.0 0.9840000000000008
39.36734390258789 29.64689826965332 -15.53153133392334 1.0562940109081587 181735.0 157881.0 0.036000000000000004
39.292930603027344 29.54201889038086 -15.51148796081543 1.0351139860916232 157881.0 181770.0 0.2440000000000002
39.22234344482422 29.433496475219727 -15.501985549926758 1.0193069887903805 111530.0 181320.0 0.47200000000000036
39.11222457885742 29.2496395111084 -15.471109390258789 1.012385742034521 164232.0 164232.0 0.0
39.06621551513672 29.18092155456543 -15.463218688964844 1.0132353171997872 111523.0 111523.0 0.0
39.05469512939453 29.165138244628906 -15.46085262298584 1.0132033850879651 139343.0 139343.0 0.0
39.00465393066406 29.092880249023438 -15.453925132751465 1.0124786368277028 136724.0 108912.0 0.5080000000000003
38.904747009277344 28.95680809020996 -15.434320449829102 1.020194403974908 136723.0 136723.0 0.0
38.89170837402344 28.939287185668945 -15.430408477783203 1.0222161005097985 179794.0 179793.0 0.4000000000000003
38.883426666259766 28.92796516418457 -15.42910385131836 1.0226092120264885 180298.0 179793.0 0.4080000000000003
38.867103576660156 28.905508041381836 -15.42735481262207 1.0232075084986685 95826.0 180297.0 0.7360000000000005
38.82266616821289 28.841262817382812 -15.418802261352539 1.0243062043977889 179905.0 179905.0 0.0
38.785675048828125 28.781129837036133 -15.408784866333008 1.025621333643059 179901.0 179185.0 0.2800000000000002
38.74494171142578 28.715726852416992 -15.40050983428955 1.027863162981784 179185.0 179185.0 0.0
38.72243881225586 28.68335723876953 -15.395652770996094 1.0312783798639957 179896.0 179896.0 0.0
38.71581268310547 28.673656463623047 -15.393678665161133 1.0314987300497447 178720.0 178721.0 0.9600000000000007
38.63143539428711 28.553415298461914 -15.375438690185547 1.0341756853855768 178719.0 178719.0 0.0
38.631103515625 28.552845001220703 -15.375323295593262 1.0341994213575887 178578.0 178577.0 0.10000000000000006
38.62831497192383 28.548032760620117 -15.374427795410156 1.0343305950861592 178577.0 178576.0 0.06800000000000003
38.611785888671875 28.52191925048828 -15.370944023132324 1.0337203495428489 177916.0 177916.0 0.0
38.548641204833984 28.421945571899414 -15.354326248168945 1.0368935671357478 174596.0 174596.0 0.0
38.5450553894043 28.41654396057129 -15.353503227233887 1.0373198498560685 177281.0 177938.0 0.04400000000000001
38.53473663330078 28.401029586791992 -15.351658821105957 1.0382923330714717 177938.0 177938.0 0.0
38.50679397583008 28.356367111206055 -15.342838287353516 1.0395289767957592 162529.0 177303.0 0.6840000000000005
38.496273040771484 28.33839225769043 -15.33936595916748 1.0399128832308981 177303.0 177303.0 0.0
38.47886657714844 28.308921813964844 -15.335634231567383 1.0404152430744127 178044.0 178044.0 0.0
38.41975021362305 28.215627670288086 -15.321059226989746 1.0416373618682462 177923.0 177921.0 0.43600000000000033
38.36365509033203 28.12481689453125 -15.301040649414062 1.0481018194197715 155637.0 176039.0 0.7280000000000005
38.324581146240234 28.06719970703125 -15.293684959411621 1.0523528536733953 176126.0 176126.0 0.0
38.28305435180664 28.005844116210938 -15.277377128601074 1.0546249956357732 177247.0 177247.0 0.0
38.28255844116211 28.005029678344727 -15.277153015136719 1.0546860023969244 177248.0 177247.0 0.9840000000000008
38.25202941894531 27.95499610900879 -15.263371467590332 1.0584379182077206 177248.0 177248.0 0.0
38.23390197753906 27.926067352294922 -15.254385948181152 1.0615930561908578 107313.0 176059.0 0.7400000000000005
38.22358322143555 27.909231185913086 -15.24777603149414 1.0630154508737488 176038.0 176059.0 0.7280000000000005
38.203208923339844 27.871170043945312 -15.23371410369873 1.0656460365343519 176038.0 176038.0 0.0
38.14332962036133 27.77366828918457 -15.204336166381836 1.0734178578550753 53169.0 174624.0 0.46000000000000035
38.10552978515625 27.713642120361328 -15.180831909179688 1.0805412603497855 174624.0 175234.0 0.7120000000000005
38.096900939941406 27.697303771972656 -15.174601554870605 1.0821537297356496 85053.0 175234.0 0.9840000000000008
38.06232452392578 27.64265251159668 -15.157137870788574 1.0869920662368129 176004.0 54410.0 0.4280000000000003
38.011024475097656 27.56262969970703 -15.127107620239258 1.0974235498284926 85052.0 171094.0 0.17200000000000013
37.992488861083984 27.531906127929688 -15.11422061920166 1.1023209141900205 176257.0 63842.0 0.5720000000000004
37.98324966430664 27.51636505126953 -15.10682487487793 1.1042665018059512 174594.0 63842.0 0.6480000000000005
37.95295333862305 27.464738845825195 -15.092303276062012 1.1053891719887554 176260.0 176692.0 0.2720000000000002
37.91440200805664 27.38617706298828 -15.071968078613281 1.1078007935825558 176690.0 176690.0 0.0
37.91286849975586 27.382387161254883 -15.070756912231445 1.1078671320725375 75284.0 75281.0 0.004
37.84494400024414 27.25566864013672 -15.034672737121582 1.1064014432874323 60736.0 60736.0 0.0
37.8183708190918 27.20316505432129 -15.014548301696777 1.1063178623258825 98880.0 98880.0 0.0
37.75681686401367 27.090545654296875 -14.976893424987793 1.102038335627991 113813.0 113813.0 0.0
37.729984283447266 27.04397964477539 -14.95749282836914 1.1020955518517785 176122.0 176122.0 0.0
37.699310302734375 27.000621795654297 -14.941755294799805 1.100607113544418 137829.0 137829.0 0.0
37.64360809326172 26.900684356689453 -14.900988578796387 1.0964097677589606 157270.0 157270.0 0.0
37.62581253051758 26.868297576904297 -14.887066841125488 1.0954193965431918 174684.0 174682.0 0.1560000000000001
37.59131622314453 26.80037498474121 -14.85358715057373 1.0925578249948202 126455.0 174848.0 0.18400000000000014
37.58747863769531 26.79303741455078 -14.85062026977539 1.0920024150219994 126455.0 155375.0 0.25600000000000017
37.52587127685547 26.648799896240234 -14.786776542663574 1.083828653653407 174146.0 73866.0 0.032
37.523529052734375 26.64267921447754 -14.784305572509766 1.0837233040694274 174146.0 174145.0 0.5000000000000003
37.51698684692383 26.6207332611084 -14.774442672729492 1.082910032731269 174147.0 174147.0 0.0
37.467079162597656 26.518104553222656 -14.727612495422363 1.0783193129855781 32658.0 135053.0 0.46000000000000035
37.4457893371582 26.469757080078125 -14.702154159545898 1.0770899745978004 93959.0 173993.0 0.5960000000000004
37.4071044921875 26.37640953063965 -14.64645004272461 1.0772640775137454 170170.0 170168.0 0.9480000000000007
37.394073486328125 26.34998321533203 -14.632460594177246 1.0769460074561275 172043.0 172044.0 0.7280000000000005
37.38336181640625 26.32989501953125 -14.619267463684082 1.0759010766497181 172039.0 172044.0 0.44400000000000034
37.37234878540039 26.308021545410156 -14.605313301086426 1.0749829698971376 155869.0 172039.0 0.9040000000000007
37.317562103271484 26.206472396850586 -14.540750503540039 1.077049618561813 172831.0 172831.0 0.0
37.29645919799805 26.16166114807129 -14.51440143585205 1.0770152446509775 172832.0 172835.0 0.004
37.29640579223633 26.16154670715332 -14.5143404006958 1.0770120728996826 172832.0 172832.0 0.0
37.256675720214844 26.065946578979492 -14.455759048461914 1.07417609577988 124276.0 172033.0 0.9280000000000007
37.25137710571289 26.053733825683594 -14.44747257232666 1.0746164842956407 172033.0 58392.0 0.2960000000000002
37.23508071899414 26.001056671142578 -14.414958000183105 1.072532509467779 78558.0 78558.0 0.0
37.208946228027344 25.911224365234375 -14.359990119934082 1.066012502113359 172026.0 81799.0 0.4840000000000004
37.199562072753906 25.882810592651367 -14.341148376464844 1.0645866125804493 165260.0 128377.0 0.8960000000000007
37.1914176940918 25.85653305053711 -14.320768356323242 1.0627502468413774 160435.0 134415.0 0.7280000000000005
37.18043518066406 25.809743881225586 -14.284924507141113 1.0601947152031244 172544.0 172544.0 0.0
37.133544921875 25.69782829284668 -14.194177627563477 1.0497954873117663 62972.0 145571.0 0.032
37.13237762451172 25.694644927978516 -14.19160270690918 1.04957942312792 62972.0 95561.0 0.04400000000000001
37.11066818237305 25.625612258911133 -14.131314277648926 1.0468506703104843 131413.0 131413.0 0.0
37.098876953125 25.593889236450195 -14.106435775756836 1.045435109826213 131421.0 171178.0 0.25600000000000017
37.05715560913086 25.46336555480957 -13.990059852600098 1.0442824354392748 144634.0 144632.0 0.6040000000000004
37.05474853515625 25.45758628845215 -13.98543643951416 1.0442710843525989 144634.0 144633.0 0.5400000000000004
37.02813720703125 25.379594802856445 -13.9176025390625 1.0428322342138223 123770.0 170314.0 0.9800000000000008
37.02629470825195 25.37337875366211 -13.9119873046875 1.0429344059453447 170314.0 170315.0 0.21600000000000016
37.01896286010742 25.35578155517578 -13.894277572631836 1.0433355240276823 170315.0 170315.0 0.0
37.008056640625 25.317031860351562 -13.856779098510742 1.044956840746539 95586.0 170313.0 0.6440000000000005
37.00580978393555 25.308656692504883 -13.847881317138672 1.0449892012417412 103856.0 170313.0 0.7240000000000005
36.96051025390625 25.191455841064453 -13.732358932495117 1.0474595707356749 107833.0 107833.0 0.0
36.96044158935547 25.191181182861328 -13.732075691223145 1.0474882890791446 149816.0 107833.0 0.9960000000000008
36.94362258911133 25.12258529663086 -13.661649703979492 1.054639156603108 149816.0 149816.0 0.0
36.94353103637695 25.12226104736328 -13.661359786987305 1.0546661456558717 170295.0 149816.0 0.9880000000000008
36.936038970947266 25.095584869384766 -13.637482643127441 1.0568882443334175 170295.0 170295.0 0.0
36.913299560546875 25.03206443786621 -13.564554214477539 1.061080291113616 951.0 951.0 0.0
36.89435577392578 24.989395141601562 -13.51823902130127 1.0651859102483627 114525.0 114525.0 0.0
36.883087158203125 24.94930076599121 -13.47410774230957 1.0690148042735312 170331.0 170331.0 0.0
36.87969970703125 24.922876358032227 -13.449811935424805 1.070885166342397 170340.0 170340.0 0.0
36.876075744628906 24.88347625732422 -13.408073425292969 1.0719943570973671 170333.0 170332.0 0.6320000000000005
36.87180709838867 24.843503952026367 -13.368268013000488 1.074167966494292 77924.0 159056.0 0.6080000000000004
36.871734619140625 24.842819213867188 -13.367525100708008 1.0741893754095635 159056.0 118262.0 0.3760000000000003
36.870460510253906 24.83153533935547 -13.356335639953613 1.0741581251403733 134647.0 68356.0 0.6920000000000005
36.86919403076172 24.815940856933594 -13.339766502380371 1.0735078340682467 68356.0 162711.0 0.2640000000000002
36.863624572753906 24.782331466674805 -13.29989242553711 1.0719154344994057 162713.0 162713.0 0.0
36.8682861328125 24.7484130859375 -13.264554023742676 1.0719602952334708 163864.0 163864.0 0.0
36.8555793762207 24.680025100708008 -13.159035682678223 1.064900193092335 167183.0 163786.0 0.7800000000000006
36.845298767089844 24.615657806396484 -13.069307327270508 1.065549929927514 163786.0 166288.0 0.9800000000000008
36.84531784057617 24.61430549621582 -13.067688941955566 1.0656066712249659 166292.0 166288.0 0.9880000000000008
36.84685134887695 24.596532821655273 -13.043466567993164 1.0655400857559527 166292.0 166292.0 0.0
36.839664459228516 24.55414390563965 -12.976836204528809 1.0656251366757394 166289.0 87478.0 0.9680000000000007
36.83912658691406 24.550710678100586 -12.97193717956543 1.0657170311570296 87478.0 133801.0 0.10400000000000006
36.841854095458984 24.513965606689453 -12.928297996520996 1.0672095659968757 133801.0 165218.0 0.16800000000000012
36.842220306396484 24.467487335205078 -12.860750198364258 1.0675563280356852 165218.0 165217.0 0.21600000000000016
36.84318161010742 24.448007583618164 -12.828807830810547 1.0680469006833198 43889.0 124393.0 0.36400000000000027
36.842926025390625 24.42388916015625 -12.789862632751465 1.0684176331489819 165207.0 165207.0 0.0
36.8455810546875 24.361797332763672 -12.658167839050293 1.0684085140097241 68786.0 68786.0 0.0
36.8507080078125 24.30902671813965 -12.504753112792969 1.0757675265465116 56582.0 56582.0 0.0
36.85075759887695 24.308605194091797 -12.503828048706055 1.0758442556106218 162082.0 87476.0 0.9960000000000008
36.85118865966797 24.30027961730957 -12.475935935974121 1.0758994639783919 130589.0 130589.0 0.0
36.85441207885742 24.2661190032959 -12.379255294799805 1.0810791507514357 140053.0 140053.0 0.0
36.85466766357422 24.22631072998047 -12.183709144592285 1.0983989913209382 163845.0 163845.0 0.0
36.87549591064453 24.189287185668945 -12.022746086120605 1.1183261607770498 163839.0 163841.0 0.20000000000000015
36.88430404663086 24.17953109741211 -11.943286895751953 1.1288848796879654 85166.0 85166.0 0.0
36.89633560180664 24.173751831054688 -11.888050079345703 1.1358732736108772 41304.0 159965.0 0.24000000000000019
36.90762710571289 24.171010971069336 -11.84130859375 1.1417344933239009 159967.0 162717.0 0.7440000000000005
36.93489456176758 24.171131134033203 -11.7441987991333 1.1529669662239415 25237.0 159404.0 0.6040000000000004
36.95014572143555 24.17776107788086 -11.682313919067383 1.1590203338584681 48055.0 159078.0 0.05600000000000002
36.951229095458984 24.178457260131836 -11.678194999694824 1.1593341335439793 159401.0 48055.0 0.7960000000000006
36.972415924072266 24.180830001831055 -11.63049602508545 1.16515734452988 72624.0 159401.0 0.36800000000000027
36.97877883911133 24.18241310119629 -11.61257553100586 1.1668300136149985 184261.0 72624.0 0.9320000000000007
36.992427825927734 24.189990997314453 -11.572461128234863 1.1683498842199542 163816.0 184261.0 0.7760000000000006
37.005741119384766 24.198827743530273 -11.527814865112305 1.1705184628416538 163858.0 163816.0 0.9920000000000008
37.03887939453125 24.212890625 -11.456417083740234 1.1745337231316424 163818.0 163818.0 0.0
37.03892517089844 24.212915420532227 -11.456295013427734 1.1745411255094034 163856.0 163818.0 0.9960000000000008
37.050254821777344 24.219181060791016 -11.425817489624023 1.1763843175718685 163856.0 163856.0 0.0
37.050453186035156 24.219310760498047 -11.425317764282227 1.1764100721235224 144598.0 163856.0 0.9920000000000008
37.07528305053711 24.235483169555664 -11.363300323486328 1.179603636528603 144598.0 144598.0 0.0
37.154537200927734 24.291881561279297 -11.174612045288086 1.2070118164959918 158472.0 158472.0 0.0
37.20824432373047 24.315200805664062 -11.05985164642334 1.2371057939415655 159077.0 163795.0 0.11200000000000007
37.218082427978516 24.319684982299805 -11.040122032165527 1.2426049248890374 63202.0 159077.0 0.6800000000000005
37.24539566040039 24.3397274017334 -10.978222846984863 1.2596539207615707 163798.0 163798.0 0.0
37.333621978759766 24.40793228149414 -10.768538475036621 1.3368138572303196 155401.0 155401.0 0.0
37.37537384033203 24.44037628173828 -10.655355453491211 1.3863578425661076 154565.0 154565.0 0.0
37.38874435424805 24.45229721069336 -10.622221946716309 1.4009810571484735 153872.0 153866.0 0.10800000000000007
37.412532806396484 24.47023582458496 -10.569307327270508 1.4262454853299162 165290.0 165289.0 0.8440000000000006
37.44129943847656 24.49356460571289 -10.49036979675293 1.4601656617677068 165286.0 165290.0 0.5280000000000004
37.513153076171875 24.547914505004883 -10.27384090423584 1.5628167332216956 11652.0 11652.0 0.0
37.54375457763672 24.583072662353516 -10.151394844055176 1.629251621677504 142440.0 142440.0 0.0
37.55543518066406 24.597246170043945 -10.1102294921875 1.651959345309117 153231.0 153231.0 0.0
37.55559539794922 24.597440719604492 -10.109643936157227 1.6522920101680199 153227.0 153231.0 0.9920000000000008
37.57552719116211 24.62168312072754 -10.037027359008789 1.6935424526719633 153227.0 153227.0 0.0
37.57977294921875 24.626779556274414 -10.019856452941895 1.7029119741872893 153229.0 153228.0 0.9840000000000008
37.579803466796875 24.62693977355957 -10.019075393676758 1.703188927575614 58828.0 153228.0 0.9600000000000007
37.58028793334961 24.627790451049805 -10.005988121032715 1.7064108678688086 58828.0 58828.0 0.0
37.58021545410156 24.627731323242188 -10.005062103271484 1.7065162806659524 92549.0 58828.0 0.9920000000000008
37.57130432128906 24.620336532592773 -9.890265464782715 1.7195874675118048 92549.0 92549.0 0.0
37.561614990234375 24.61244010925293 -9.835007667541504 1.7220222697297045 158402.0 159332.0 0.02
37.554290771484375 24.60828971862793 -9.807474136352539 1.722157951263582 94990.0 159333.0 0.9360000000000007
37.52984619140625 24.61289405822754 -9.66663932800293 1.744648332902061 4498.0 63210.0 0.9400000000000007
37.503684997558594 24.604248046875 -9.587831497192383 1.7463510956178432 158346.0 158346.0 0.0
37.1912956237793 24.316701889038086 -9.334550857543945 1.4449343702101836 34736.0 34736.0 0.0
37.19072723388672 24.317293167114258 -9.333882331848145 1.444343225715856 113625.0 110856.0 0.9880000000000008
36.76203918457031 24.02251434326172 -8.958203315734863 1.134808025511355 28030.0 28030.0 0.0
36.593143463134766 23.81952476501465 -8.815431594848633 1.0993672676496158 158124.0 158124.0 0.0
36.2120361328125 23.701496124267578 -8.345109939575195 0.9961478003821482 164724.0 164724.0 0.0
36.147891998291016 23.654767990112305 -8.25179672241211 1.0194102380113153 62107.0 155781.0 0.4000000000000003
36.120948791503906 23.631967544555664 -8.21518325805664 1.0330168670180162 62107.0 62107.0 0.0
36.07404708862305 23.603673934936523 -8.156688690185547 1.0539496247035067 164762.0 164759.0 0.21600000000000016
36.06480026245117 23.597070693969727 -8.145536422729492 1.0590639392251322 164762.0 164762.0 0.0
36.011112213134766 23.53533172607422 -8.071105003356934 1.1066463167239189 162907.0 162907.0 0.0
36.03309631347656 23.560346603393555 -7.413374423980713 1.0341825833709954 118022.0 118022.0 0.0
36.09224319458008 23.561269760131836 -7.279775142669678 1.0170646044385379 165087.0 165082.0 0.23600000000000018
36.1100959777832 23.55864143371582 -7.239058971405029 1.0131417031222905 165086.0 165086.0 0.0
36.1521110534668 23.573200225830078 -7.150784015655518 1.0022347570518961 159162.0 159162.0 0.0
36.152584075927734 23.57328987121582 -7.149691104888916 1.0021938292202117 166099.0 159162.0 0.9920000000000008
36.211402893066406 23.584381103515625 -7.014190196990967 0.9971187780913418 166099.0 166099.0 0.0
36.211463928222656 23.584394454956055 -7.014066219329834 0.9971191487186878 166098.0 166099.0 0.9960000000000008
36.22666931152344 23.587932586669922 -6.9832353591918945 0.9972114349278286 166098.0 166098.0 0.0
36.261390686035156 23.586843490600586 -6.922068119049072 1.0004836499391558 165083.0 165083.0 0.0
36.26605224609375 23.58904457092285 -6.911584377288818 1.0001520231946488 88740.0 165081.0 0.04400000000000001
36.328369140625 23.607402801513672 -6.790591716766357 1.000533927863236 21386.0 165081.0 0.4000000000000003
36.376747131347656 23.61164093017578 -6.717431545257568 1.0046979348895346 164769.0 164769.0 0.0
36.38917541503906 23.612682342529297 -6.693985939025879 1.0052499550359042 157681.0 164777.0 0.1400000000000001
36.464839935302734 23.62407684326172 -6.570468902587891 1.009803253783796 40366.0 137562.0 0.3040000000000002
36.478572845458984 23.62671661376953 -6.551530361175537 1.0108549352727358 167060.0 57737.0 0.5400000000000004
36.518863677978516 23.640657424926758 -6.481738567352295 1.0117493065915275 167061.0 165063.0 0.6880000000000005
36.52192306518555 23.64226531982422 -6.476634979248047 1.0119365244043774 166134.0 165063.0 0.6520000000000005
36.56364822387695 23.651121139526367 -6.410670280456543 1.0143676112856979 166134.0 166277.0 0.7040000000000005
36.58011245727539 23.65500831604004 -6.387754440307617 1.015270498731752 167895.0 166277.0 0.45600000000000035
36.59220886230469 23.66072654724121 -6.370009899139404 1.0154826367301804 167895.0 122276.0 0.16400000000000012
36.646629333496094 23.694303512573242 -6.2734880447387695 1.017038413180053 167941.0 122276.0 0.3040000000000002
36.66044235229492 23.70622444152832 -6.244353294372559 1.0164909185002502 142694.0 161893.0 0.4240000000000003
36.70005798339844 23.732927322387695 -6.182220458984375 1.0161752574598024 45005.0 164989.0 0.16800000000000012
36.703617095947266 23.735448837280273 -6.175906658172607 1.01586281703541 39969.0 37446.0 0.1480000000000001
36.72877883911133 23.750696182250977 -6.136412143707275 1.0143562167449125 166009.0 22369.0 0.8960000000000007
36.81113815307617 23.79290199279785 -6.025824546813965 1.0145902031497662 164990.0 164990.0 0.0
36.84173583984375 23.806743621826172 -5.990279197692871 1.014362733580581 8481.0 115249.0 0.8280000000000006
36.89411926269531 23.837312698364258 -5.921023845672607 1.0142241200717808 125443.0 114594.0 0.9680000000000007
36.89725875854492 23.838529586791992 -5.916971683502197 1.0143512849576641 72160.0 114594.0 0.6760000000000005
36.900779724121094 23.840450286865234 -5.911788463592529 1.0143655223062726 72160.0 60066.0 0.11200000000000007
36.958457946777344 23.88132667541504 -5.835057258605957 1.0115473165053896 78957.0 137561.0 0.33200000000000024
37.00143051147461 23.912124633789062 -5.782729625701904 1.0120548844212418 135450.0 78957.0 0.5200000000000004
37.054473876953125 23.947608947753906 -5.724719524383545 1.0168233443982642 135451.0 114996.0 0.21200000000000016
37.08097839355469 23.96621322631836 -5.69386100769043 1.0184219700098405 131535.0 124509.0 0.46400000000000036
37.132015228271484 23.999399185180664 -5.644750595092773 1.0228731624016376 172708.0 158425.0 0.048000000000000015
37.13612747192383 24.00226402282715 -5.640259265899658 1.0231429665545997 172709.0 172708.0 0.8600000000000007
37.152931213378906 24.018613815307617 -5.620477199554443 1.0235211576026884 172713.0 172714.0 0.9840000000000008
37.249351501464844 24.106916427612305 -5.526573181152344 1.0286822144664778 172710.0 172710.0 0.0
37.316810607910156 24.15755271911621 -5.463405132293701 1.0281094527367405 173391.0 173392.0 0.09200000000000005
37.32473373413086 24.16363525390625 -5.456699371337891 1.0281723238774345 173391.0 173374.0 0.1440000000000001
37.37779998779297 24.206575393676758 -5.412661075592041 1.030051024223978 88143.0 158428.0 0.45200000000000035
37.45627975463867 24.26937484741211 -5.358618259429932 1.0346687498555174 172720.0 172720.0 0.0
37.49111557006836 24.293262481689453 -5.333708763122559 1.037392680510652 109516.0 109516.0 0.0
37.52277755737305 24.320037841796875 -5.308915615081787 1.038029381959204 173425.0 173425.0 0.0
37.52376174926758 24.320629119873047 -5.308355808258057 1.037987455211407 173424.0 174060.0 0.9920000000000008
37.57797622680664 24.35228729248047 -5.274866580963135 1.0350321747295606 163655.0 169187.0 0.8400000000000006
37.65939712524414 24.402402877807617 -5.234193801879883 1.0309811056611708 170200.0 24329.0 0.25600000000000017
37.717281341552734 24.438945770263672 -5.198655128479004 1.0285348577717057 163659.0 114057.0 0.9720000000000008
37.724613189697266 24.443206787109375 -5.193674564361572 1.0281637237610028 145703.0 114045.0 0.05200000000000002
37.8475227355957 24.536333084106445 -5.109504699707031 1.025052424631337 175174.0 175174.0 0.0
37.88493347167969 24.567066192626953 -5.088868141174316 1.0224367246498713 175173.0 175175.0 0.9960000000000008
37.88520431518555 24.567302703857422 -5.088698387145996 1.0224117116159193 175175.0 105293.0 0.004
37.92330551147461 24.598438262939453 -5.063354969024658 1.01817663940992 178302.0 178302.0 0.0
38.055816650390625 24.702207565307617 -4.988757133483887 1.015416693201227 164952.0 164952.0 0.0
38.055904388427734 24.70228385925293 -4.988715648651123 1.0154173635830175 178755.0 164952.0 0.9920000000000008
38.06672286987305 24.71181297302246 -4.983546733856201 1.015500490925043 178755.0 178755.0 0.0
38.07148742675781 24.715654373168945 -4.981226921081543 1.0154595025530202 178754.0 178753.0 0.024
38.16664505004883 24.78592872619629 -4.93025016784668 1.0135985751854124 179920.0 179920.0 0.0
38.16667556762695 24.78594970703125 -4.930236339569092 1.0135990926082266 179918.0 179920.0 0.9960000000000008
38.173912048339844 24.79133415222168 -4.926786422729492 1.0137279308889642 179918.0 179918.0 0.0
38.25491714477539 24.858957290649414 -4.894610404968262 1.0132517800608571 50755.0 50755.0 0.0
38.2626953125 24.86565589904785 -4.892086505889893 1.0131740621216494 27606.0 27606.0 0.0
38.36054611206055 24.96086311340332 -4.8450493812561035 1.0092256937416737 157132.0 157132.0 0.0
38.38935852050781 24.991378784179688 -4.834153175354004 1.0091908739791235 136758.0 157131.0 0.8600000000000007
38.44675827026367 25.063274383544922 -4.811768531799316 1.0112060576790687 134102.0 134102.0 0.0
38.474605560302734 25.091041564941406 -4.803578853607178 1.012489453556079 29367.0 136757.0 0.09600000000000006
38.58284378051758 25.198368072509766 -4.763477325439453 1.0184136606527578 123653.0 136757.0 0.9600000000000007
38.59173583984375 25.205965042114258 -4.761117935180664 1.019373659022135 182731.0 182731.0 0.0
38.64704895019531 25.258209228515625 -4.7497735023498535 1.0245366166951828 182732.0 182732.0 0.0
38.652462005615234 25.263029098510742 -4.748080730438232 1.0247426394276484 181398.0 181398.0 0.0
38.65287399291992 25.263408660888672 -4.747993469238281 1.0247563173212757 182324.0 181398.0 0.9960000000000008
38.75550842285156 25.35771369934082 -4.726285934448242 1.0281621128344554 182324.0 182324.0 0.0
38.810420989990234 25.414297103881836 -4.719611167907715 1.0320404731446622 183763.0 183761.0 0.8440000000000006
38.85710906982422 25.45960235595703 -4.709042549133301 1.0350266680603093 182322.0 78204.0 0.8560000000000006
38.945980072021484 25.545482635498047 -4.699823379516602 1.040687630618935 179729.0 133004.0 0.2760000000000002
38.946083068847656 25.545684814453125 -4.6998162269592285 1.04069419589062 125717.0 179730.0 0.7240000000000005
39.00298309326172 25.605600357055664 -4.692664623260498 1.0400627936022948 180337.0 184248.0 0.3840000000000003
39.083030700683594 25.698074340820312 -4.691362380981445 1.03959475457702 180344.0 180339.0 0.33600000000000024
39.139442443847656 25.752901077270508 -4.68562650680542 1.040478382018664 185236.0 185236.0 0.0
39.17109680175781 25.785295486450195 -4.685753345489502 1.040321501058236 185241.0 185240.0 0.9360000000000007
39.17518997192383 25.789722442626953 -4.686200141906738 1.0400881655953111 47352.0 185240.0 0.8680000000000007
39.198829650878906 25.818260192871094 -4.68865442276001 1.0385166228378524 47352.0 157201.0 0.04400000000000001
39.30550765991211 25.976938247680664 -4.680949687957764 1.036083444512381 179739.0 179739.0 0.0
39.3429069519043 26.0143985748291 -4.680656433105469 1.0338699403486311 185854.0 185854.0 0.0
39.432838439941406 26.125425338745117 -4.686699390411377 1.031218180888909 84910.0 84910.0 0.0
39.48248291015625 26.177244186401367 -4.686619758605957 1.0301313614685779 188042.0 188040.0 0.8920000000000007
39.57878494262695 26.281394958496094 -4.696346759796143 1.0319062285463392 188039.0 186497.0 0.9840000000000008
39.58051300048828 26.283409118652344 -4.696710109710693 1.0319698448687098 186497.0 188037.0 0.060000000000000026
39.60424041748047 26.30959701538086 -4.702488899230957 1.0324222725215686 188036.0 188037.0 0.8080000000000006
39.70367431640625 26.40964698791504 -4.716517448425293 1.0350051091119736 188519.0 188480.0 0.3120000000000002
39.764522552490234 26.471525192260742 -4.73224401473999 1.0396570148048752 28476.0 171964.0 0.7840000000000006
39.77647018432617 26.482776641845703 -4.735130786895752 1.040479695246894 171964.0 188515.0 0.1440000000000001
39.7932014465332 26.49880027770996 -4.741250514984131 1.040977122552545 45313.0 115012.0 0.2720000000000002
39.8431282043457 26.554750442504883 -4.754250526428223 1.0422263279216144 116613.0 116613.0 0.0
39.971099853515625 26.65908432006836 -4.804897785186768 1.0470676918364386 90305.0 74171.0 0.7880000000000006
39.990325927734375 26.67671775817871 -4.814716815948486 1.047899811803926 74171.0 120510.0 0.3840000000000003
40.0860595703125 26.76647186279297 -4.855008125305176 1.0566508425748156 120515.0 168261.0 0.9440000000000007
40.0871467590332 26.767478942871094 -4.855380535125732 1.056767260053484 168261.0 168259.0 0.05200000000000002
40.18157958984375 26.866125106811523 -4.898482799530029 1.066945033942976 168264.0 168264.0 0.0
40.239830017089844 26.937650680541992 -4.928493976593018 1.0715503526184929 136297.0 136297.0 0.0
40.2850341796875 26.984350204467773 -4.948142051696777 1.077131367057008 265786.0 265786.0 0.0
40.29671859741211 26.997346878051758 -4.952746868133545 1.0778401265493136 221197.0 221197.0 0.0
40.367950439453125 27.079126358032227 -4.980068683624268 1.079617400725719 51420.0 51420.0 0.0
40.40823745727539 27.117799758911133 -4.996996879577637 1.0782675995828788 29857.0 29857.0 0.0
40.433189392089844 27.147445678710938 -5.007482528686523 1.0783964281099447 191082.0 191577.0 0.19600000000000015
40.4854736328125 27.21537971496582 -5.032684803009033 1.0800048635300579 224454.0 224454.0 0.0
40.49976348876953 27.23166847229004 -5.03810453414917 1.0800673086405208 212595.0 212595.0 0.0
40.57786178588867 27.332252502441406 -5.080577850341797 1.0784197558459918 85474.0 85474.0 0.0
40.65907669067383 27.444889068603516 -5.126215934753418 1.0813216474559735 212592.0 212592.0 0.0
40.662559509277344 27.449037551879883 -5.128437519073486 1.0815742058917859 212602.0 212602.0 0.0
40.698455810546875 27.493696212768555 -5.1474785804748535 1.0825140232531738 212640.0 212641.0 0.2640000000000002
40.72742462158203 27.530399322509766 -5.164364814758301 1.0843682816693136 212640.0 212635.0 0.5560000000000004
40.74423599243164 27.55499839782715 -5.175260066986084 1.0855132454394536 212636.0 212636.0 0.0
40.781593322753906 27.596893310546875 -5.196674823760986 1.0838795445266032 68407.0 187489.0 0.036000000000000004
40.871150970458984 27.707368850708008 -5.239012718200684 1.0832695670847634 172545.0 172545.0 0.0
40.90840148925781 27.748350143432617 -5.259098052978516 1.0834922919315146 172550.0 192961.0 0.22000000000000017
40.94369888305664 27.78693389892578 -5.272791385650635 1.0812870675903492 172551.0 192960.0 0.10400000000000006
40.95280456542969 27.799104690551758 -5.27672004699707 1.0807386009864597 119321.0 368.0 0.016
41.009429931640625 27.88077163696289 -5.310077667236328 1.076072184402901 130418.0 174044.0 0.5040000000000003
41.07204055786133 27.961769104003906 -5.338081359863281 1.0751796050574316 92694.0 107438.0 0.47600000000000037
41.124305725097656 28.03086280822754 -5.3680315017700195 1.0765714515953566 21337.0 21337.0 0.0
41.163997650146484 28.092208862304688 -5.388916492462158 1.0763875178918196 193258.0 184050.0 0.06800000000000003
41.17951965332031 28.120914459228516 -5.4001264572143555 1.0770059618045749 192950.0 192933.0 0.22400000000000017
41.2171516418457 28.21433448791504 -5.431814193725586 1.0801238407655596 192933.0 192933.0 0.0
41.226558685302734 28.232290267944336 -5.4382243156433105 1.0804987215352606 192941.0 192941.0 0.0
41.29399108886719 28.37666893005371 -5.500836372375488 1.086334132410841 106158.0 106158.0 0.0
41.322635650634766 28.43430519104004 -5.526360511779785 1.0915388284895973 180110.0 180110.0 0.0
41.3577880859375 28.508281707763672 -5.559927940368652 1.0943225459078443 136002.0 136002.0 0.0
41.41132736206055 28.617605209350586 -5.611176013946533 1.104121968193666 180108.0 180109.0 0.8120000000000006
41.416873931884766 28.626628875732422 -5.61646032333374 1.1049090838838986 180109.0 180109.0 0.0
41.464622497558594 28.702104568481445 -5.65235710144043 1.1106353748563516 168284.0 168284.0 0.0
41.4655647277832 28.70365333557129 -5.653234004974365 1.1107671937399 128454.0 168284.0 0.9720000000000008
41.49827575683594 28.757442474365234 -5.683676242828369 1.1153431921259367 128454.0 128454.0 0.0
41.498477935791016 28.757741928100586 -5.683818340301514 1.1153670719099174 177077.0 128454.0 0.9960000000000008
41.549068450927734 28.832412719726562 -5.719200611114502 1.1213131381210775 177077.0 177077.0 0.0
41.55653381347656 28.84295654296875 -5.725124835968018 1.1223988702405954 177076.0 79068.0 0.16000000000000011
41.58850860595703 28.88469696044922 -5.750357627868652 1.126346519178084 79068.0 50071.0 0.004
41.593563079833984 28.89145278930664 -5.753595352172852 1.1267373729803205 21332.0 114885.0 0.060000000000000026
41.64177703857422 28.96295928955078 -5.787718296051025 1.1315609301658591 194910.0 194910.0 0.0
41.68984603881836 29.036212921142578 -5.830353736877441 1.1375764830555133 112600.0 195310.0 0.8120000000000006
41.7017707824707 29.05439567565918 -5.8388495445251465 1.1385918254986327 194912.0 195312.0 0.5080000000000003
41.71405029296875 29.078533172607422 -5.84934663772583 1.1400320902557461 195301.0 194912.0 0.7040000000000005
41.72161102294922 29.0914249420166 -5.855677604675293 1.140757435464514 195301.0 195301.0 0.0
41.756839752197266 29.154829025268555 -5.884498119354248 1.145865173531482 171004.0 178485.0 0.060000000000000026
41.77356719970703 29.19244956970215 -5.902499198913574 1.148880465962402 178484.0 178486.0 0.6280000000000004
41.77828598022461 29.206809997558594 -5.908714294433594 1.1500038336720873 178481.0 178486.0 0.9280000000000007
41.784202575683594 29.220842361450195 -5.9143548011779785 1.150238242837111 178481.0 75592.0 0.016
41.801307678222656 29.25832176208496 -5.928822994232178 1.1503670128166503 196044.0 120761.0 0.012
41.84626388549805 29.35393714904785 -5.980234146118164 1.1465098888068628 81195.0 196097.0 0.02
41.89205551147461 29.449995040893555 -6.021760940551758 1.145983508227801 134262.0 116512.0 0.9480000000000007
41.89781188964844 29.46441078186035 -6.028780937194824 1.1455790189857746 142051.0 67633.0 0.8960000000000007
41.957393646240234 29.603763580322266 -6.083471775054932 1.1418592637211553 196339.0 81127.0 0.17200000000000013
41.962398529052734 29.612943649291992 -6.088593482971191 1.141445050825687 196342.0 191455.0 0.6040000000000004
41.98386001586914 29.658248901367188 -6.108396053314209 1.1385228027137066 196698.0 191455.0 0.25600000000000017
41.99284362792969 29.676286697387695 -6.116231918334961 1.1373824127988175 196698.0 102385.0 0.11600000000000008
42.026241302490234 29.747068405151367 -6.148592948913574 1.1357140529603458 4797.0 4797.0 0.0
42.02903366088867 29.753986358642578 -6.152247905731201 1.135282362719379 98282.0 191454.0 0.21600000000000016
42.06375503540039 29.853496551513672 -6.191212177276611 1.128044964122481 42746.0 96171.0 0.032
42.11113739013672 29.985340118408203 -6.251884460449219 1.1281393656504966 175920.0 192719.0 0.9600000000000007
42.1219367980957 30.025394439697266 -6.266116619110107 1.12966073765148 193284.0 184646.0 0.34800000000000025
42.12590789794922 30.039207458496094 -6.270333766937256 1.129925330315526 193284.0 193283.0 0.3960000000000003
42.13592529296875 30.06338119506836 -6.279918193817139 1.1301861966878293 193281.0 155202.0 0.8240000000000006
42.18394088745117 30.16519546508789 -6.332483768463135 1.1304083338798814 116068.0 49757.0 0.4920000000000004
42.195899963378906 30.1910400390625 -6.347487926483154 1.130633877184568 116068.0 192716.0 0.4160000000000003
42.252464294433594 30.30553436279297 -6.401634693145752 1.1317748189077992 73813.0 175923.0 0.34000000000000025
42.2927360534668 30.38074493408203 -6.446887016296387 1.1351520101191916 20939.0 136334.0 0.2880000000000002
42.303443908691406 30.39956283569336 -6.456293106079102 1.1355184583264886 136335.0 20939.0 0.4240000000000003
42.31454086303711 30.42508316040039 -6.467576026916504 1.136306269282355 136336.0 136336.0 0.0
42.31501388549805 30.42589569091797 -6.467962741851807 1.1363214825302796 116062.0 136336.0 0.9760000000000008
42.334327697753906 30.458900451660156 -6.483680248260498 1.1369401546125526 116062.0 116062.0 0.0
42.37520217895508 30.527915954589844 -6.525188446044922 1.1363377867319653 93255.0 93255.0 0.0
42.439292907714844 30.631702423095703 -6.576919078826904 1.1381600908447045 49929.0 49929.0 0.0
42.44642639160156 30.667831420898438 -6.590786933898926 1.1380077549290994 207155.0 207155.0 0.0
42.52444839477539 30.77448272705078 -6.653265953063965 1.1372160670113063 93259.0 93259.0 0.0
42.52449417114258 30.7745418548584 -6.653296947479248 1.1372177282146005 207151.0 93259.0 0.9960000000000008
42.535587310791016 30.789363861083984 -6.661024570465088 1.1376313678348573 207151.0 207151.0 0.0
42.58061218261719 30.86848258972168 -6.704310894012451 1.1359779197893929 115208.0 115208.0 0.0
42.625022888183594 30.949172973632812 -6.741340637207031 1.1378290845734502 215457.0 215457.0 0.0
42.628292083740234 30.954675674438477 -6.743706703186035 1.1380212301067574 56517.0 215449.0 0.7000000000000005
42.6292724609375 30.9564151763916 -6.7445502281188965 1.1379822609340136 215448.0 56517.0 0.4040000000000003
42.67631912231445 31.042673110961914 -6.791021347045898 1.1365737708108001 30106.0 30106.0 0.0
42.72479248046875 31.12074851989746 -6.828171730041504 1.1372144373452764 200863.0 200863.0 0.0
42.75381088256836 31.1768798828125 -6.858736991882324 1.136821386757042 261759.0 261759.0 0.0
42.80042266845703 31.258934020996094 -6.897809982299805 1.1371670668404281 209415.0 209415.0 0.0
42.809410095214844 31.273601531982422 -6.904521465301514 1.1376669137505 157282.0 200859.0 0.25600000000000017
42.81340789794922 31.280418395996094 -6.908009052276611 1.1376011436483544 72755.0 200859.0 0.3880000000000003
42.84272766113281 31.332014083862305 -6.937051773071289 1.1364859843792114 200858.0 200858.0 0.0
42.84291076660156 31.33232307434082 -6.937204837799072 1.1364862036054877 111016.0 200858.0 0.9960000000000008
42.88859176635742 31.409090042114258 -6.975353240966797 1.1365407909482865 111016.0 111016.0 0.0
42.90131759643555 31.436721801757812 -6.985686779022217 1.1371964892936384 64215.0 111014.0 0.9800000000000008
42.901573181152344 31.437232971191406 -6.985917091369629 1.1371933090985888 190856.0 111014.0 0.9920000000000008
42.94498062133789 31.51097297668457 -7.027726650238037 1.1355419351876506 229910.0 229910.0 0.0
42.97517395019531 31.55851173400879 -7.053171634674072 1.1363837523132798 56701.0 229914.0 0.9760000000000008
42.99755859375 31.594144821166992 -7.0695624351501465 1.1368835899709555 66233.0 66233.0 0.0
43.0439567565918 31.666709899902344 -7.109230995178223 1.1373273212869848 230072.0 182604.0 0.8200000000000006
43.05352783203125 31.68244743347168 -7.119195461273193 1.1369942779436757 230072.0 210038.0 0.8160000000000006
43.13042449951172 31.795589447021484 -7.18251895904541 1.135016721055191 229908.0 231922.0 0.5240000000000004
43.13818359375 31.80689239501953 -7.187770843505859 1.1349430894404442 231920.0 231922.0 0.44800000000000034
43.18770980834961 31.87360382080078 -7.226391792297363 1.1339580640226128 231917.0 231919.0 0.5240000000000004
43.21103286743164 31.906858444213867 -7.247127056121826 1.1330789149594376 230071.0 231917.0 0.45600000000000035
43.26315689086914 31.984024047851562 -7.286531925201416 1.1331527415289413 241079.0 241079.0 0.0
43.29884338378906 32.04150390625 -7.322445392608643 1.1324082291286452 193349.0 193349.0 0.0
43.29887008666992 32.04154586791992 -7.32246732711792 1.1324063980157277 230373.0 193349.0 0.9880000000000008
43.300994873046875 32.04491424560547 -7.324275016784668 1.132255636385517 230373.0 230373.0 0.0
43.32984161376953 32.09083938598633 -7.349576473236084 1.131259666397122 230372.0 230372.0 0.0
43.38728332519531 32.17831802368164 -7.391506671905518 1.13146154172692 230016.0 230016.0 0.0
43.42724609375 32.23876190185547 -7.429706573486328 1.1303005984703098 230026.0 230026.0 0.0
43.42732238769531 32.23888397216797 -7.429773330688477 1.1303000464963078 172880.0 230026.0 0.9960000000000008
43.44663619995117 32.2696418762207 -7.446420669555664 1.1301626049697737 172880.0 172880.0 0.0
43.44673538208008 32.269798278808594 -7.446503639221191 1.130163536299275 110935.0 172880.0 0.9760000000000008
43.45083236694336 32.27622604370117 -7.44988489151001 1.1302014103656643 110935.0 110935.0 0.0
43.469783782958984 32.303016662597656 -7.463008403778076 1.1291373286436295 111011.0 134069.0 0.9600000000000007
43.54417419433594 32.39249038696289 -7.521816253662109 1.1244655310893503 222422.0 222422.0 0.0
43.544212341308594 32.39255142211914 -7.521852016448975 1.1244665259634468 222423.0 222422.0 0.9960000000000008
43.5536003112793 32.40740966796875 -7.530800819396973 1.124714249613483 222423.0 222423.0 0.0
43.57899856567383 32.44722366333008 -7.551915645599365 1.1245430616241396 214192.0 214192.0 0.0
43.65904998779297 32.55712890625 -7.619271755218506 1.1202028931595926 85897.0 85897.0 0.0
43.681941986083984 32.58102798461914 -7.63421630859375 1.1187272622328879 199927.0 230497.0 0.5880000000000004
43.70881652832031 32.61067581176758 -7.656911849975586 1.1142842787685823 209897.0 209897.0 0.0
43.82989501953125 32.73912811279297 -7.695614337921143 1.066435805493926 250881.0 250881.0 0.0
43.943695068359375 32.80662155151367 -7.701416015625 0.9930057303429978 264493.0 264493.0 0.0
43.98020553588867 32.81454086303711 -7.707204818725586 0.9665677783953891 212121.0 77234.0 0.9600000000000007
44.15343475341797 32.86912536621094 -7.729459285736084 0.8408997356531414 116743.0 116743.0 0.0
44.15351867675781 32.869140625 -7.7294721603393555 0.8408384251115122 230689.0 116743.0 0.9640000000000007
44.15575408935547 32.869529724121094 -7.729822635650635 0.8391966650523326 230689.0 230689.0 0.0
44.39022445678711 32.92484664916992 -7.791372776031494 0.6648156351357434 230694.0 230694.0 0.0
44.59200668334961 32.99076461791992 -7.823619365692139 0.5171573230082466 74810.0 74810.0 0.0
44.64284896850586 32.99909210205078 -7.826888084411621 0.48176918044021694 1038.0 1038.0 0.0
44.77177047729492 33.04989242553711 -7.843534469604492 0.3814824589664461 4083.0 4083.0 0.0
