X Y Z MaximumInscribedSphereRadius EdgeArray0 EdgeArray1 EdgePCoordArray
-36.0836601257 -158.003234863 -180.435195923 1.17691783826 80760.0 80760.0 0.0
-36.0836486816 -158.003250122 -180.435195923 1.17691832559 31904.0 31904.0 0.0
-35.0887413025 -158.302703857 -180.942871094 1.23042138195 65723.0 65723.0 0.0
-33.9803123474 -158.636306763 -181.508468628 1.24112548673 81096.0 81096.0 0.0
-33.9803085327 -158.636306763 -181.508468628 1.24112560173 81485.0 81525.0 0.968
-32.857131958 -158.974380493 -182.081604004 1.23935604659 81622.0 81622.0 0.0
-32.8571243286 -158.974395752 -182.081619263 1.2393535792 81299.0 80927.0 0.884
-32.8526802063 -158.975738525 -182.083892822 1.23933087556 80927.0 81843.0 0.004
-31.7460384369 -159.308822632 -182.648590088 1.23377415478 81433.0 81433.0 0.0
-30.6282615662 -159.645233154 -183.218948364 1.2434352319 81451.0 81451.0 0.0
-30.6282615662 -159.645233154 -183.218948364 1.24343524947 82283.0 81451.0 0.992
-30.6282539368 -159.645233154 -183.218948364 1.24343742851 82283.0 82283.0 0.0
-29.5426635742 -159.971984863 -183.772903442 1.21478476027 81581.0 81581.0 0.0
-29.5384292603 -159.973251343 -183.775054932 1.21482582913 82556.0 82530.0 0.004
-28.4871635437 -160.289657593 -184.31149292 1.2252675594 81699.0 81699.0 0.0
-27.5736503601 -160.564605713 -184.777633667 1.14187811253 83194.0 83194.0 0.0
-26.850774765 -160.782180786 -185.146499634 1.12870046843 83316.0 83316.0 0.0
-26.8507728577 -160.782180786 -185.146499634 1.1287006356 83501.0 82814.0 0.04
-26.8471393585 -160.783294678 -185.148345947 1.12914516046 82814.0 83337.0 0.004
-25.9432373047 -161.055343628 -185.609619141 1.24012982656 83732.0 83732.0 0.0
-24.7282810211 -161.421035767 -186.22958374 1.29967503407 83794.0 83794.0 0.0
-24.7282791138 -161.421035767 -186.22958374 1.2996753388 83963.0 83713.0 0.976
-24.7236461639 -161.422424316 -186.231948853 1.29930308698 83713.0 83564.0 0.004
-23.5702705383 -161.769577026 -186.820495605 1.20661342418 83881.0 83881.0 0.0
-22.6355266571 -162.050918579 -187.297470093 1.16714243712 84333.0 84333.0 0.0
-22.6355171204 -162.050933838 -187.297485352 1.16713957714 83867.0 83867.0 0.0
-22.0337257385 -162.244735718 -187.591644287 1.06394744953 39621.0 39621.0 0.0
-21.9664173126 -162.27180481 -187.641769409 1.07466695228 36595.0 39619.0 0.144
-21.9602031708 -162.274871826 -187.645706177 1.07541535142 36595.0 36595.0 0.0
-21.8268871307 -162.321548462 -187.711151123 1.08620059434 37767.0 37767.0 0.0
-21.5723457336 -162.477600098 -187.838394165 1.08689166082 37212.0 37212.0 0.0
-21.4317398071 -162.528717041 -187.904846191 1.09833941679 37218.0 37218.0 0.0
-21.3235645294 -162.569061279 -187.958480835 1.11096338282 36601.0 37463.0 0.244
-21.1844348907 -162.646820068 -188.01348877 1.11798862632 37466.0 37466.0 0.0
-21.1131000519 -162.687438965 -188.051773071 1.12386352546 36889.0 37467.0 0.548
-21.0696754456 -162.723098755 -188.07800293 1.12443158162 36889.0 36891.0 0.348
-21.0013713837 -162.77192688 -188.116073608 1.12517298519 36895.0 36891.0 0.952
-20.9107608795 -162.853881836 -188.184631348 1.12753217149 36358.0 36358.0 0.0
-20.8576869965 -162.897705078 -188.217803955 1.12833538731 35802.0 36359.0 0.856
-20.6448574066 -163.129089355 -188.356674194 1.14110595933 35810.0 35810.0 0.0
-20.4894123077 -163.262802124 -188.438842773 1.15270281885 35252.0 36116.0 0.24
-20.276517868 -163.42276001 -188.521835327 1.20147871029 34651.0 34651.0 0.0
-20.2425136566 -163.450454712 -188.544082642 1.20908597222 32928.0 32031.0 0.244
-20.1816062927 -163.496826172 -188.575866699 1.22145715885 32928.0 30960.0 0.496
-20.1203746796 -163.543762207 -188.605728149 1.23424505675 30960.0 35316.0 0.064
-19.9137744904 -163.693664551 -188.682739258 1.29691048449 34353.0 33637.0 0.42
-19.75740242 -163.792526245 -188.726791382 1.35745843794 32821.0 33723.0 0.532
-19.6940364838 -163.836608887 -188.738174438 1.3838935116 27075.0 32821.0 0.472
-19.6237735748 -163.884552002 -188.75642395 1.41312727934 32447.0 27075.0 0.464
-19.5088710785 -163.971740723 -188.798370361 1.46235925264 36337.0 32447.0 0.088
-19.4998970032 -163.975906372 -188.801651001 1.46596163129 36337.0 36337.0 0.0
-19.4666309357 -163.995132446 -188.812576294 1.47969536926 31488.0 36338.0 0.984
-19.4059524536 -164.037139893 -188.835449219 1.50331814417 35020.0 36335.0 0.588
-19.3785552979 -164.060806274 -188.852416992 1.51073143955 35020.0 35020.0 0.0
-19.3295917511 -164.098724365 -188.879852295 1.52274678909 35027.0 35027.0 0.0
-19.2991962433 -164.12197876 -188.901641846 1.5252415294 34417.0 34418.0 0.08
-19.1711959839 -164.241790771 -189.01335144 1.53366456356 32000.0 31170.0 0.244
-19.1649723053 -164.249191284 -189.02003479 1.53363279163 22841.0 29679.0 0.244
-19.152053833 -164.269332886 -189.037948608 1.53087126732 30717.0 29046.0 0.244
-19.0477466583 -164.398864746 -189.161651611 1.51100716335 30447.0 30797.0 0.46
-19.0156040192 -164.447662354 -189.206680298 1.50447930785 29317.0 30709.0 0.48
-18.8735313416 -164.619155884 -189.384933472 1.49408583423 23182.0 23182.0 0.0
-18.7534790039 -164.787796021 -189.501922607 1.48771040282 23995.0 28429.0 0.16
-18.7433013916 -164.804290771 -189.513702393 1.48765975703 23995.0 28877.0 0.304
-18.7128314972 -164.848587036 -189.542953491 1.48580965286 28183.0 28505.0 0.188
-18.6990585327 -164.870544434 -189.556091309 1.4843365346 27718.0 28183.0 0.22
-18.6962738037 -164.874557495 -189.558654785 1.48405067943 29715.0 27718.0 0.908
-18.587179184 -165.011962891 -189.655715942 1.48124297543 29992.0 29992.0 0.0
-18.5042133331 -165.133880615 -189.740585327 1.48892566198 27826.0 27826.0 0.0
-18.4047622681 -165.285140991 -189.839538574 1.49501509566 29226.0 29226.0 0.0
-18.3995494843 -165.294845581 -189.84475708 1.49538901679 30006.0 29225.0 0.952
-18.3145885468 -165.42175293 -189.928985596 1.4988683071 29223.0 29223.0 0.0
-18.2891616821 -165.453918457 -189.952087402 1.49926995998 26248.0 26972.0 0.024
-18.1739063263 -165.624160767 -190.062072754 1.50809830212 22329.0 22329.0 0.0
-18.1647987366 -165.641433716 -190.069168091 1.50873990753 23250.0 28891.0 0.016
-18.045375824 -165.82472229 -190.160461426 1.5195270565 26962.0 26962.0 0.0
-17.9569816589 -165.956665039 -190.22227478 1.53086473941 26965.0 26966.0 0.136
-17.9376087189 -165.983062744 -190.234115601 1.53416507783 26965.0 26967.0 0.356
-17.899433136 -166.037963867 -190.250595093 1.5387398369 26046.0 26046.0 0.0
-17.893289566 -166.047805786 -190.254058838 1.53935047857 26020.0 20835.0 0.892
-17.8284740448 -166.139266968 -190.287017822 1.54335596694 26700.0 26704.0 0.188
-17.8216171265 -166.149475098 -190.290893555 1.54385471111 26700.0 26000.0 0.208
-17.712310791 -166.301086426 -190.338729858 1.55440775498 25628.0 25628.0 0.0
-17.6929321289 -166.3253479 -190.347549438 1.55686381799 24856.0 25997.0 0.652
-17.6890983582 -166.330749512 -190.349075317 1.55701604414 25997.0 24762.0 0.044
-17.6152706146 -166.429611206 -190.373809814 1.56085293973 27023.0 24762.0 0.268
-17.5914096832 -166.460113525 -190.381393433 1.56267627756 27023.0 26255.0 0.244
-17.5435600281 -166.524520874 -190.393066406 1.56758923626 27431.0 26255.0 0.64
-17.5021858215 -166.583267212 -190.406799316 1.57394133991 27431.0 27431.0 0.0
-17.4993476868 -166.587631226 -190.407623291 1.57437209535 27021.0 27429.0 0.916
-17.4753894806 -166.624465942 -190.416976929 1.57752647876 27021.0 27018.0 0.768
-17.4729175568 -166.6277771 -190.41784668 1.57763334789 27018.0 27018.0 0.0
-17.3722801208 -166.772094727 -190.442947388 1.59235534899 24019.0 24019.0 0.0
-17.3718242645 -166.772720337 -190.443099976 1.59247545945 26916.0 24019.0 0.98
-17.3495254517 -166.803161621 -190.450332642 1.59836087165 26916.0 26916.0 0.0
-17.3495025635 -166.803192139 -190.4503479 1.59836515743 26915.0 26916.0 0.996
-17.3439655304 -166.81211853 -190.452331543 1.59943231738 26915.0 26915.0 0.0
-17.2538585663 -166.942626953 -190.475738525 1.61540313157 23154.0 25684.0 0.196
-17.2256908417 -166.989044189 -190.482116699 1.62116475969 26653.0 26654.0 0.136
-17.1647090912 -167.081665039 -190.488342285 1.63287528904 26655.0 26654.0 0.576
-17.1361694336 -167.121948242 -190.495986938 1.63925935689 26655.0 26655.0 0.0
-17.1360359192 -167.122161865 -190.496032715 1.63928955455 17696.0 26655.0 0.996
-17.1025753021 -167.177047729 -190.505569458 1.64680876966 17696.0 17696.0 0.0
-17.0925445557 -167.19190979 -190.508621216 1.64883217759 25954.0 26246.0 0.104
-17.0472736359 -167.256317139 -190.517150879 1.65655699303 26246.0 26246.0 0.0
-17.0468730927 -167.256973267 -190.517227173 1.6566331464 25961.0 26246.0 0.992
-16.9970970154 -167.339157104 -190.526687622 1.66607616482 25961.0 25961.0 0.0
-16.962677002 -167.403930664 -190.530853271 1.67200078804 26663.0 24098.0 0.26
-16.9438667297 -167.437194824 -190.532028198 1.67523415546 25975.0 25975.0 0.0
-16.9437160492 -167.437438965 -190.532028198 1.67525410931 26061.0 25975.0 0.996
-16.9061203003 -167.497131348 -190.533233643 1.68022261807 26061.0 26061.0 0.0
-16.890712738 -167.524810791 -190.535049438 1.68205655713 26070.0 12799.0 0.916
-16.7882213593 -167.698226929 -190.553573608 1.69765718074 26070.0 26247.0 0.416
-16.7585468292 -167.742935181 -190.552246094 1.70247657669 26247.0 26247.0 0.0
-16.725030899 -167.801208496 -190.551467896 1.70748863607 21358.0 369.0 0.496
-16.7143096924 -167.819152832 -190.552505493 1.70919393503 21358.0 21358.0 0.0
-16.7135982513 -167.8203125 -190.552627563 1.70934708309 25502.0 21358.0 0.984
-16.6698627472 -167.891860962 -190.559936523 1.71876568863 25502.0 25502.0 0.0
-16.6665458679 -167.898269653 -190.560302734 1.719300248 22887.0 20225.0 0.032
-16.6194152832 -167.989776611 -190.56211853 1.72646778597 20225.0 20863.0 0.812
-16.6181030273 -167.992935181 -190.562057495 1.72650969656 20863.0 23613.0 0.068
-16.551820755 -168.128189087 -190.55696106 1.72574182403 22722.0 21800.0 0.9
-16.4825286865 -168.29045105 -190.564254761 1.72622876473 17763.0 16636.0 0.684
-16.4758338928 -168.303222656 -190.56439209 1.72582269989 13907.0 20939.0 0.632
-16.4345703125 -168.398696899 -190.569229126 1.72054261375 21380.0 18776.0 0.368
-16.3821563721 -168.517715454 -190.573760986 1.71583670999 18776.0 16343.0 0.444
-16.3565139771 -168.567153931 -190.573883057 1.71402920367 20922.0 20814.0 0.388
-16.319316864 -168.689804077 -190.55670166 1.70696563423 19873.0 19873.0 0.0
-16.2907600403 -168.769836426 -190.56489563 1.70015748086 13354.0 17682.0 0.256
-16.2029380798 -168.974456787 -190.568710327 1.67953739708 18742.0 18318.0 0.344
-16.1576976776 -169.097564697 -190.578094482 1.67175573105 13151.0 16624.0 0.424
-16.0944499969 -169.237487793 -190.579803467 1.66095784927 16498.0 13358.0 0.316
-16.0203075409 -169.432601929 -190.592468262 1.65231502362 18116.0 16315.0 0.844
-15.9933624268 -169.482971191 -190.601516724 1.65098847005 18838.0 17352.0 0.016
-15.993224144 -169.483169556 -190.601577759 1.65097928599 18838.0 18834.0 0.04
-15.9880962372 -169.494552612 -190.601608276 1.65029761527 18836.0 18833.0 0.932
-15.9844055176 -169.504165649 -190.601791382 1.6492791074 18833.0 13839.0 0.424
-15.9799442291 -169.515823364 -190.602127075 1.64796588236 13839.0 13839.0 0.0
-15.8960647583 -169.766830444 -190.602890015 1.63756475441 18248.0 18248.0 0.0
-15.8685007095 -169.866516113 -190.602859497 1.63787135605 18247.0 18247.0 0.0
-15.791472435 -170.119262695 -190.597717285 1.63771750458 15753.0 15753.0 0.0
-15.7512254715 -170.268997192 -190.607727051 1.64014125109 14791.0 14791.0 0.0
-15.7374076843 -170.334533691 -190.61277771 1.63521821908 16187.0 16187.0 0.0
-15.688337326 -170.491073608 -190.63671875 1.61585691818 15742.0 15742.0 0.0
-15.6801605225 -170.53805542 -190.645996094 1.60776143827 15309.0 15309.0 0.0
-15.6377954483 -170.726486206 -190.69052124 1.5781979713 15304.0 15304.0 0.0
-15.6251726151 -170.801757812 -190.702423096 1.56782172376 15252.0 15252.0 0.0
-15.5802536011 -171.001113892 -190.741104126 1.54583996841 15255.0 15255.0 0.0
-15.5573892593 -171.102539062 -190.760955811 1.53213986827 13046.0 10987.0 0.476
-15.5344810486 -171.189407349 -190.779968262 1.52271520277 14008.0 13046.0 0.584
-15.503663063 -171.336593628 -190.814941406 1.5105743004 13931.0 13474.0 0.376
-15.4943714142 -171.400970459 -190.832077026 1.50760539658 11419.0 13931.0 0.292
-15.4844837189 -171.444015503 -190.838516235 1.50731775564 13462.0 11419.0 0.96
-15.458366394 -171.574432373 -190.883056641 1.50175578373 13471.0 8637.0 0.728
-15.4511184692 -171.619400024 -190.894989014 1.50042041225 13476.0 13475.0 0.812
-15.4299278259 -171.730316162 -190.930541992 1.49741798125 13015.0 13015.0 0.0
-15.411570549 -171.887924194 -190.978378296 1.49724603378 13023.0 13023.0 0.0
-15.3598108292 -172.085281372 -191.010559082 1.51076594417 11499.0 11499.0 0.0
-15.3466215134 -172.123794556 -191.019546509 1.51308653216 11443.0 9180.0 0.272
-15.3233203888 -172.201980591 -191.036376953 1.51883961991 11443.0 11098.0 0.572
-15.3055200577 -172.262268066 -191.048583984 1.52350625727 11430.0 11430.0 0.0
-15.3041181564 -172.267822266 -191.049606323 1.52402329344 12262.0 12254.0 0.976
-15.2826738358 -172.360122681 -191.06803894 1.53340461944 12262.0 12262.0 0.0
-15.2574110031 -172.48399353 -191.111358643 1.54348823571 12264.0 11965.0 0.236
-15.233130455 -172.683242798 -191.191207886 1.56383072182 11965.0 11965.0 0.0
-15.2287244797 -172.706558228 -191.202301025 1.56740998977 11966.0 11784.0 0.028
-15.1727294922 -172.96307373 -191.311950684 1.62488753739 9076.0 11784.0 0.988
-15.1639051437 -173.005065918 -191.33543396 1.63615665552 11964.0 7306.0 0.124
-15.1562957764 -173.154647827 -191.43572998 1.67312553109 7306.0 7306.0 0.0
-15.1562566757 -173.155212402 -191.436126709 1.67332540491 11109.0 7306.0 0.996
-15.1464138031 -173.296829224 -191.536239624 1.72309398726 11109.0 11109.0 0.0
-15.1385421753 -173.373199463 -191.595230103 1.75364221135 7232.0 7232.0 0.0
-15.1437110901 -173.444061279 -191.658599854 1.78309884255 7120.0 7120.0 0.0
-15.140496254 -173.482894897 -191.692581177 1.79607164888 9526.0 9525.0 0.356
-15.1389751434 -173.491897583 -191.701858521 1.7984267018 9526.0 9527.0 0.044
-15.1350698471 -173.512268066 -191.719772339 1.80401929072 9527.0 9527.0 0.0
-15.1274805069 -173.579483032 -191.781539917 1.82088340583 8313.0 7304.0 0.016
-15.0854644775 -173.823577881 -192.021820068 1.90717234998 8731.0 8730.0 0.192
-15.0122184753 -174.101364136 -192.274673462 2.04840936679 7305.0 7305.0 0.0
-15.0120544434 -174.101882935 -192.275283813 2.04874710901 8729.0 7305.0 0.988
-14.99858284 -174.144424438 -192.326095581 2.07655455146 8729.0 8729.0 0.0
-14.9570236206 -174.301300049 -192.473327637 2.17032629938 8048.0 8048.0 0.0
-14.9569282532 -174.301635742 -192.473526001 2.17048683446 4273.0 3344.0 0.996
-15.0175104141 -174.492904663 -192.666778564 2.19405895684 538.0 538.0 0.0
-15.0835857391 -174.575424194 -192.761383057 2.17471237532 10778.0 10779.0 0.492
-15.2066831589 -174.700256348 -192.809768677 2.09303916164 7849.0 7849.0 0.0
-15.3988113403 -174.886276245 -192.885620117 1.96759445453 6461.0 6461.0 0.0
-15.3988170624 -174.886276245 -192.885620117 1.96759058824 5636.0 6461.0 0.992
-15.3995494843 -174.887008667 -192.885971069 1.9671111687 5636.0 5636.0 0.0
-15.7969017029 -175.339691162 -193.088623047 1.76802472894 8467.0 8467.0 0.0
-15.9138441086 -175.520751953 -193.16293335 1.73568177078 5471.0 5471.0 0.0
-15.9325208664 -175.540908813 -193.174133301 1.72983234327 7378.0 7378.0 0.0
-15.9710884094 -175.578720093 -193.199966431 1.71522258999 9576.0 9576.0 0.0
-16.313123703 -175.894683838 -193.425521851 1.63427843754 3154.0 3154.0 0.0
-16.3247756958 -175.901123047 -193.432723999 1.63203914498 8950.0 8950.0 0.0
-16.602273941 -176.045669556 -193.616256714 1.58574925095 8529.0 8529.0 0.0
-16.6741828918 -176.10824585 -193.676086426 1.58928253098 3780.0 3780.0 0.0
-16.8169975281 -176.199127197 -193.806976318 1.58592152308 9248.0 9248.0 0.0
-16.9163284302 -176.24937439 -193.898773193 1.58297166933 9245.0 8907.0 0.276
-17.0614070892 -176.308135986 -194.045944214 1.58442028995 9247.0 9246.0 0.412
-17.1048717499 -176.325088501 -194.096359253 1.58727672123 9247.0 8882.0 0.596
-17.1662921906 -176.350952148 -194.1640625 1.59098973864 7375.0 8830.0 0.208
-17.1850299835 -176.358703613 -194.187698364 1.5930450045 7802.0 7375.0 0.792
-17.2589683533 -176.383560181 -194.272094727 1.59777167593 3685.0 8828.0 0.276
-17.300775528 -176.391296387 -194.318054199 1.5979866625 8825.0 8825.0 0.0
-17.3634414673 -176.404205322 -194.397354126 1.60216222706 7526.0 7526.0 0.0
-17.3635425568 -176.40423584 -194.397476196 1.60217068978 3499.0 7526.0 0.984
-17.3697147369 -176.405975342 -194.404953003 1.60269114718 3499.0 3499.0 0.0
-17.4773292542 -176.416931152 -194.539291382 1.60312981699 9258.0 9258.0 0.0
-17.692691803 -176.454391479 -194.844177246 1.64486521577 9972.0 9972.0 0.0
-17.707069397 -176.454559326 -194.861404419 1.64797007928 9971.0 9968.0 0.028
-17.8073997498 -176.448196411 -194.990615845 1.66841515893 9968.0 9968.0 0.0
-17.8302211761 -176.444702148 -195.023574829 1.67307631344 13724.0 9969.0 0.98
-17.9898891449 -176.432449341 -195.229797363 1.71206988773 14641.0 13724.0 0.072
-17.9995155334 -176.429885864 -195.240081787 1.71340932949 14641.0 14641.0 0.0
-18.0011959076 -176.429321289 -195.241729736 1.71377463288 14643.0 14641.0 0.98
-18.0835037231 -176.401504517 -195.322647095 1.73167449898 14643.0 14643.0 0.0
-18.1383266449 -176.379196167 -195.384552002 1.74515900007 8161.0 8161.0 0.0
-18.1606311798 -176.371612549 -195.40788269 1.75027379803 15405.0 15041.0 0.024
-18.1608695984 -176.371520996 -195.408111572 1.75031860398 15405.0 15405.0 0.0
-18.2724704742 -176.319274902 -195.531417847 1.77398854542 8874.0 8874.0 0.0
-18.2819824219 -176.316390991 -195.541946411 1.77616282764 15867.0 14642.0 0.244
-18.2834014893 -176.315872192 -195.543624878 1.77643606024 15867.0 10792.0 0.008
-18.3380413055 -176.293792725 -195.60546875 1.78670681819 10792.0 10792.0 0.0
-18.3403282166 -176.292739868 -195.608108521 1.78712436097 12885.0 14619.0 0.108
-18.3538036346 -176.285888672 -195.623794556 1.78918857378 12276.0 14619.0 0.708
-18.3633346558 -176.280319214 -195.635894775 1.79023804077 12276.0 14620.0 0.076
-18.3926906586 -176.261489868 -195.672332764 1.79322433379 17372.0 14620.0 0.96
-18.4762325287 -176.200820923 -195.789321899 1.80405635956 17372.0 17372.0 0.0
-18.4867610931 -176.192504883 -195.805999756 1.80563939408 13226.0 17565.0 0.76
-18.5076160431 -176.178131104 -195.834991455 1.80707252159 18074.0 13226.0 0.332
-18.5149688721 -176.17276001 -195.84487915 1.80742951524 18074.0 18074.0 0.0
-18.5354652405 -176.157867432 -195.873382568 1.80883225257 16533.0 17570.0 0.84
-18.5693416595 -176.130859375 -195.924804688 1.8107337746 16533.0 16533.0 0.0
-18.6084098816 -176.097625732 -195.980728149 1.81431161775 13696.0 13696.0 0.0
-18.6882743835 -176.01184082 -196.095672607 1.81866815255 15497.0 15497.0 0.0
-18.7057209015 -175.992492676 -196.120300293 1.81883146255 19681.0 19681.0 0.0
-18.775592804 -175.91847229 -196.220565796 1.82352262544 19680.0 19680.0 0.0
-18.7766265869 -175.917160034 -196.222045898 1.82358730708 21700.0 19680.0 0.976
-18.8186817169 -175.863952637 -196.282363892 1.8262176937 21700.0 21700.0 0.0
-18.8350811005 -175.842453003 -196.306045532 1.82803292289 19500.0 15498.0 0.156
-18.8591461182 -175.80645752 -196.343673706 1.83069226516 22642.0 21706.0 0.232
-18.9058303833 -175.733779907 -196.411758423 1.83541652752 21706.0 21706.0 0.0
-18.9298686981 -175.689956665 -196.450042725 1.83834197503 23092.0 22464.0 0.504
-18.9435958862 -175.664886475 -196.470230103 1.83983109943 22464.0 20713.0 0.1
-18.9656295776 -175.629241943 -196.501724243 1.84260502179 20713.0 20713.0 0.0
-18.9814529419 -175.602508545 -196.523193359 1.84466481188 20741.0 23089.0 0.912
-19.0064315796 -175.555053711 -196.561721802 1.84768046495 20741.0 20741.0 0.0
-19.0219154358 -175.522064209 -196.58807373 1.84966728923 24151.0 23798.0 0.816
-19.0231628418 -175.519332886 -196.590087891 1.84980585685 24155.0 23798.0 0.98
-19.049036026 -175.459335327 -196.636001587 1.85243753052 24153.0 24155.0 0.632
-19.0600452423 -175.436523438 -196.655136108 1.85358570259 24153.0 24153.0 0.0
-19.0613613129 -175.433273315 -196.657608032 1.85367291572 24154.0 23794.0 0.04
-19.0926952362 -175.356048584 -196.716339111 1.8557614156 23794.0 23794.0 0.0
-19.1037979126 -175.326126099 -196.741363525 1.85648295413 23091.0 21658.0 0.248
-19.1278076172 -175.265090942 -196.791229248 1.85762011127 21658.0 20089.0 0.044
-19.1619510651 -175.156539917 -196.876876831 1.8614062162 19004.0 17595.0 0.976
-19.1885070801 -175.05128479 -196.957015991 1.86887002266 21060.0 21060.0 0.0
-19.1954803467 -175.022857666 -196.975769043 1.87120785984 24688.0 24688.0 0.0
-19.214630127 -174.956359863 -197.014358521 1.8722821536 25131.0 20056.0 0.552
-19.2406024933 -174.863769531 -197.065917969 1.87425516207 24305.0 25131.0 0.696
-19.2648143768 -174.753631592 -197.127258301 1.88040047762 25137.0 25140.0 0.652
-19.2729949951 -174.72442627 -197.144592285 1.88185446941 25141.0 25117.0 0.468
-19.2859420776 -174.669006348 -197.175796509 1.88501045164 25882.0 25117.0 0.704
-19.3294887543 -174.481170654 -197.262588501 1.89702501998 26584.0 26579.0 0.016
-19.3303909302 -174.476669312 -197.264450073 1.89737350249 26580.0 26583.0 0.996
-19.3307876587 -174.475219727 -197.26512146 1.89740469021 26582.0 26583.0 0.972
-19.3444843292 -174.4140625 -197.29850769 1.89890788453 25870.0 26582.0 0.9
-19.385017395 -174.203643799 -197.405441284 1.91322215372 27300.0 26438.0 0.032
-19.3848838806 -174.200469971 -197.408889771 1.91366505446 27300.0 27301.0 0.016
-19.3859901428 -174.188354492 -197.418045044 1.91474925994 27307.0 27307.0 0.0
-19.4396457672 -173.927871704 -197.544906616 1.92531751694 27517.0 27517.0 0.0
-19.4480476379 -173.881027222 -197.561187744 1.92732459295 20526.0 28127.0 0.052
-19.4875640869 -173.684585571 -197.64239502 1.94039776678 28242.0 27616.0 0.132
-19.4905376434 -173.661514282 -197.650772095 1.94201524083 28242.0 28120.0 0.208
-19.5224781036 -173.452133179 -197.732147217 1.96030210197 28810.0 28972.0 0.732
-19.5286960602 -173.365493774 -197.761352539 1.96750667383 26217.0 28811.0 0.172
-19.5353851318 -173.305053711 -197.783676147 1.97334619803 26217.0 27119.0 0.364
-19.5500144958 -173.213943481 -197.810745239 1.98234653192 27119.0 27119.0 0.0
-19.5568828583 -173.174362183 -197.821166992 1.98785083866 29593.0 29594.0 0.904
-19.5627975464 -173.118118286 -197.833129883 1.99230135107 29592.0 29592.0 0.0
-19.5629558563 -173.117019653 -197.833343506 1.99242222962 29598.0 29592.0 0.992
-19.5826435089 -172.981231689 -197.859619141 2.0074111698 29598.0 29598.0 0.0
-19.5827522278 -172.980560303 -197.859725952 2.00751908208 27228.0 29598.0 0.988
-19.5916404724 -172.925567627 -197.869003296 2.01640385998 27228.0 27228.0 0.0
-19.5923938751 -172.916885376 -197.870437622 2.01742034308 28596.0 30621.0 0.96
-19.5958499908 -172.855926514 -197.880432129 2.02369712589 28596.0 28596.0 0.0
-19.6056900024 -172.771774292 -197.893432617 2.03214210478 28978.0 30362.0 0.932
-19.6063232422 -172.767379761 -197.893951416 2.03261342099 30362.0 30362.0 0.0
-19.6063423157 -172.767196655 -197.893966675 2.03263203435 29397.0 30362.0 0.996
-19.6111545563 -172.721969604 -197.899154663 2.03726676081 29397.0 29397.0 0.0
-19.611366272 -172.718826294 -197.899505615 2.03757306402 29572.0 29397.0 0.956
-19.615945816 -172.65057373 -197.907073975 2.04422819759 29572.0 29572.0 0.0
-19.6159477234 -172.650405884 -197.907089233 2.04424000798 28747.0 29572.0 0.988
-19.6161117554 -172.636703491 -197.908538818 2.04521239634 28747.0 28747.0 0.0
-19.6164665222 -172.621810913 -197.909866333 2.04637340827 27252.0 31065.0 0.024
-19.6186981201 -172.567047119 -197.914581299 2.05129602094 29585.0 29556.0 0.168
-19.628786087 -172.455825806 -197.92956543 2.05712029751 30356.0 29556.0 0.62
-19.6247787476 -172.321182251 -197.958633423 2.05332658983 29566.0 29566.0 0.0
-19.6196975708 -172.266876221 -197.97253418 2.05043935177 28772.0 28772.0 0.0
-19.5999851227 -171.995742798 -198.024856567 2.03242248427 25815.0 25815.0 0.0
-19.595823288 -171.953643799 -198.03553772 2.03064022689 25070.0 27220.0 0.332
-19.5937080383 -171.906951904 -198.04586792 2.02691256007 27222.0 25071.0 0.044
-19.5916938782 -171.870498657 -198.054656982 2.02442578276 27223.0 17711.0 0.04
-19.5725688934 -171.654220581 -198.097763062 2.01871303361 27615.0 27615.0 0.0
-19.5725517273 -171.654067993 -198.097808838 2.01871382783 27613.0 27615.0 0.996
-19.5683822632 -171.614181519 -198.108184814 2.01891158794 27613.0 27613.0 0.0
-19.5602684021 -171.533218384 -198.118286133 2.01685194374 21225.0 27611.0 0.76
-19.5477390289 -171.412216187 -198.130996704 2.01598462165 25064.0 21225.0 0.108
-19.5332508087 -171.312454224 -198.148849487 2.01503185111 21026.0 23502.0 0.432
-19.519109726 -171.151763916 -198.171173096 2.01331699882 25446.0 23389.0 0.548
-19.5137958527 -171.115997314 -198.17414856 2.01342095407 25447.0 25442.0 0.808
-19.4900054932 -170.991073608 -198.187744141 2.01378955723 25061.0 17701.0 0.872
-19.4850769043 -170.92199707 -198.199554443 2.01219419558 25001.0 24162.0 0.216
-19.480922699 -170.886413574 -198.207077026 2.01180281616 25001.0 21516.0 0.16
-19.4589538574 -170.699142456 -198.247650146 2.01038289389 24993.0 26134.0 0.756
-19.4565925598 -170.686065674 -198.250976562 2.01013255049 14761.0 26133.0 0.728
-19.4429359436 -170.547439575 -198.283630371 2.00274046613 26044.0 25765.0 0.904
-19.3966217041 -170.290390015 -198.348815918 1.99661893473 16202.0 16202.0 0.0
-19.3892383575 -170.248565674 -198.355834961 1.99481263142 26040.0 25381.0 0.232
-19.3419914246 -170.01411438 -198.408508301 1.99026096064 26283.0 26283.0 0.0
-19.3419914246 -170.01411438 -198.408508301 1.99026095191 27554.0 26283.0 0.976
-19.3419837952 -170.014083862 -198.408508301 1.99026059702 27554.0 27554.0 0.0
-19.3409824371 -170.011032104 -198.409057617 1.9901856544 27553.0 27554.0 0.928
-19.328081131 -169.97177124 -198.416152954 1.9892197273 27553.0 27553.0 0.0
-19.2802352905 -169.812088013 -198.441940308 1.98971963911 26113.0 28318.0 0.08
-19.2572746277 -169.740814209 -198.454956055 1.9931289266 26483.0 26113.0 0.408
-19.240644455 -169.684585571 -198.465438843 1.99493681801 26483.0 27562.0 0.456
-19.2075176239 -169.588119507 -198.486297607 1.99963811955 26157.0 21553.0 0.92
-19.2031059265 -169.575210571 -198.488769531 2.00045265658 21553.0 28688.0 0.128
-19.1885299683 -169.525680542 -198.500610352 2.00406793905 28688.0 28688.0 0.0
-19.1800117493 -169.502182007 -198.506744385 2.00488723703 28690.0 28690.0 0.0
-19.1584625244 -169.426635742 -198.532287598 2.0062269662 28697.0 28286.0 0.856
-19.1525726318 -169.401901245 -198.542480469 2.00655080901 12347.0 27085.0 0.304
-19.1165370941 -169.291488647 -198.574188232 2.00977914775 29854.0 29045.0 0.364
-19.0978088379 -169.240142822 -198.591171265 2.01191302423 28994.0 29853.0 0.548
-19.0576496124 -169.112289429 -198.633880615 2.01770367902 30589.0 23996.0 0.376
-19.0166988373 -168.996322632 -198.682647705 2.02341373097 23422.0 28472.0 0.808
-18.9910831451 -168.918930054 -198.713409424 2.02836367875 28530.0 31279.0 0.876
-18.9857349396 -168.904647827 -198.720031738 2.02932722833 31280.0 31279.0 0.852
-18.9502696991 -168.779708862 -198.780090332 2.0337817318 26464.0 24145.0 0.448
-18.9042892456 -168.63671875 -198.8565979 2.04393864956 28327.0 32319.0 0.664
-18.8981323242 -168.619491577 -198.866699219 2.04535473017 32323.0 32319.0 0.48
-18.8848724365 -168.579727173 -198.889160156 2.04818700472 32323.0 20344.0 0.408
-18.8654212952 -168.517486572 -198.922454834 2.05259207743 31112.0 20344.0 0.276
-18.8585033417 -168.49256897 -198.935180664 2.05406861816 29704.0 30586.0 0.808
-18.8190460205 -168.37059021 -199.003829956 2.06128761787 33104.0 33095.0 0.472
-18.8145523071 -168.359024048 -199.010055542 2.06213112323 33102.0 31267.0 0.428
-18.805727005 -168.326293945 -199.030212402 2.06454895271 33102.0 29588.0 0.424
-18.7790546417 -168.242080688 -199.083786011 2.07132257441 33361.0 28048.0 0.672
-18.7570667267 -168.149078369 -199.140304565 2.07824837372 33844.0 28554.0 0.052
-18.7511062622 -168.128479004 -199.154129028 2.08002469272 33466.0 33844.0 0.832
-18.725320816 -168.01574707 -199.237487793 2.09077755972 29738.0 29738.0 0.0
-18.7121715546 -167.969390869 -199.273834229 2.09002809458 33014.0 30509.0 0.464
-18.6514759064 -167.79914856 -199.396896362 2.08647323182 33785.0 33785.0 0.0
-18.6294231415 -167.746429443 -199.440887451 2.08551899122 34186.0 34186.0 0.0
-18.548406601 -167.603439331 -199.576599121 2.08179773586 34161.0 34161.0 0.0
-18.4814434052 -167.447937012 -199.714950562 2.08964009613 34184.0 35216.0 0.424
-18.4694824219 -167.413345337 -199.74382019 2.09383968688 35438.0 35216.0 0.864
-18.4568767548 -167.380386353 -199.77633667 2.0963414836 35438.0 35438.0 0.0
-18.4568729401 -167.380371094 -199.776351929 2.09634286448 35439.0 35438.0 0.996
-18.4557933807 -167.376937866 -199.779495239 2.09668670388 35439.0 35439.0 0.0
-18.4328556061 -167.299804688 -199.84916687 2.1073052369 32548.0 32548.0 0.0
-18.4328193665 -167.299697876 -199.849258423 2.10731885229 34177.0 32548.0 0.996
-18.423614502 -167.274963379 -199.871765137 2.11070908416 34177.0 34177.0 0.0
-18.4231491089 -167.273925781 -199.872711182 2.11084566144 31569.0 34177.0 0.984
-18.3945503235 -167.210281372 -199.93107605 2.11924516411 31569.0 31569.0 0.0
-18.3842658997 -167.180603027 -199.956344604 2.12436236328 35973.0 35413.0 0.68
-18.3805465698 -167.170898438 -199.965835571 2.12552973309 35973.0 35973.0 0.0
-18.3803386688 -167.170394897 -199.966369629 2.12558181228 35112.0 35973.0 0.984
-18.367609024 -167.139053345 -199.999557495 2.12878468254 35112.0 35112.0 0.0
-18.3674869537 -167.138793945 -199.999832153 2.12881634896 35474.0 35112.0 0.996
-18.3370895386 -167.073028564 -200.069610596 2.13670128645 35474.0 35474.0 0.0
-18.3368396759 -167.072357178 -200.070266724 2.13681332531 35391.0 35474.0 0.98
-18.3245697021 -167.039703369 -200.10218811 2.14230322943 35391.0 35391.0 0.0
-18.3244800568 -167.039489746 -200.102432251 2.14233539927 30110.0 35391.0 0.996
-18.3022575378 -166.984466553 -200.164459229 2.15034568851 30110.0 30110.0 0.0
-18.2903957367 -166.954589844 -200.20274353 2.15354437934 37415.0 37415.0 0.0
-18.2902984619 -166.95425415 -200.203155518 2.15358094038 37414.0 37415.0 0.992
-18.2781562805 -166.913528442 -200.253540039 2.15811450952 37414.0 37414.0 0.0
-18.2738571167 -166.89743042 -200.272109985 2.16007906272 37688.0 31221.0 0.54
-18.2730331421 -166.894104004 -200.276550293 2.16021356856 37688.0 36819.0 0.728
-18.2716312408 -166.888366699 -200.284118652 2.16053300161 36819.0 38292.0 0.132
-18.2632198334 -166.859191895 -200.323196411 2.16164707622 38292.0 38292.0 0.0
-18.2497882843 -166.830764771 -200.369171143 2.15868099258 37087.0 37087.0 0.0
-18.180557251 -166.692611694 -200.613983154 2.14812938359 38825.0 38825.0 0.0
-18.1804542542 -166.692321777 -200.614501953 2.14813078179 39318.0 38825.0 0.992
-18.1675758362 -166.656158447 -200.678115845 2.14830415864 39318.0 39318.0 0.0
-18.1612205505 -166.644073486 -200.702713013 2.14699609971 39323.0 39323.0 0.0
-18.1305599213 -166.582550049 -200.832122803 2.13993854261 39811.0 39811.0 0.0
-18.1221599579 -166.565841675 -200.873672485 2.13751194393 39810.0 39298.0 0.192
-18.0823879242 -166.492935181 -201.042877197 2.12968582528 39996.0 39996.0 0.0
-18.0814323425 -166.491149902 -201.047912598 2.12944526813 39527.0 39996.0 0.932
-18.0683231354 -166.466674805 -201.116836548 2.12614822013 39527.0 39527.0 0.0
-18.0369853973 -166.409927368 -201.261306763 2.12178956061 40769.0 39663.0 0.996
-18.0224113464 -166.374923706 -201.355636597 2.11939136179 40760.0 40760.0 0.0
-18.0164318085 -166.353637695 -201.410690308 2.11847686052 40604.0 40014.0 0.312
-18.0134811401 -166.344528198 -201.433288574 2.11800174758 40771.0 40014.0 0.46
-18.0070743561 -166.326843262 -201.474960327 2.11664670264 39990.0 40774.0 0.524
-18.0024223328 -166.31098938 -201.515914917 2.11483815292 39990.0 40534.0 0.368
-17.991689682 -166.275619507 -201.605545044 2.11137542844 40534.0 41222.0 0.564
-17.9859027863 -166.253646851 -201.66267395 2.11048059806 40975.0 41134.0 0.98
-17.9805812836 -166.2162323 -201.771957397 2.10703928523 40263.0 39047.0 0.992
-17.9805545807 -166.215988159 -201.772781372 2.10701055094 37629.0 39047.0 0.984
-17.9726314545 -166.195098877 -201.863998413 2.10420814821 40784.0 40784.0 0.0
-17.9726028442 -166.194992065 -201.864334106 2.10419842353 41414.0 40784.0 0.996
-17.9652557373 -166.16973877 -201.946090698 2.10177697856 41414.0 41414.0 0.0
-17.9650669098 -166.168899536 -201.948928833 2.10170966866 41416.0 41414.0 0.924
-17.962770462 -166.158660889 -201.983398438 2.10089132205 41416.0 41416.0 0.0
-17.9602966309 -166.103118896 -202.166244507 2.09853987665 41212.0 41212.0 0.0
-17.9613227844 -166.095443726 -202.195159912 2.09802991388 41387.0 41387.0 0.0
-17.9619903564 -166.05178833 -202.329864502 2.09478561365 37937.0 42086.0 0.7
-17.9630661011 -166.031204224 -202.393890381 2.09414669623 41201.0 42088.0 0.956
-17.9686851501 -166.010879517 -202.454467773 2.0932312416 41404.0 41200.0 0.284
-17.9745998383 -165.990966797 -202.513961792 2.092979341 41645.0 41200.0 0.072
-17.9777755737 -165.9556427 -202.622573853 2.09178384171 40721.0 40721.0 0.0
-17.9947853088 -165.896560669 -202.843475342 2.09401063244 40710.0 40710.0 0.0
-17.9947834015 -165.896499634 -202.843734741 2.09401655037 40228.0 40710.0 0.996
-17.9942893982 -165.882049561 -202.909225464 2.09549011382 40228.0 40228.0 0.0
-17.9944648743 -165.880325317 -202.917709351 2.09556039169 39752.0 36009.0 0.008
-17.9972839355 -165.869476318 -202.975143433 2.09519017983 41396.0 36009.0 0.084
-18.0079574585 -165.836471558 -203.166122437 2.10314299665 41190.0 41190.0 0.0
-18.0079574585 -165.836456299 -203.166213989 2.1031463449 41191.0 41190.0 0.996
-18.0081748962 -165.83102417 -203.190856934 2.10398005872 41191.0 41191.0 0.0
-18.0082321167 -165.830856323 -203.191696167 2.10398208112 40133.0 41191.0 0.992
-18.0152397156 -165.810516357 -203.294952393 2.10423285898 40133.0 40133.0 0.0
-18.0153980255 -165.810302734 -203.296203613 2.10420979404 39743.0 40133.0 0.98
-18.0231266022 -165.799606323 -203.357650757 2.10307961168 39743.0 39743.0 0.0
-18.0231971741 -165.799530029 -203.358108521 2.10307838931 40679.0 39743.0 0.996
-18.0408267975 -165.780670166 -203.473587036 2.10277402119 40679.0 40679.0 0.0
-18.05900383 -165.747787476 -203.678115845 2.10597765973 41180.0 41180.0 0.0
-18.071647644 -165.727432251 -203.754348755 2.10906200306 41183.0 41183.0 0.0
-18.0855102539 -165.702636719 -203.947860718 2.11556788528 41166.0 41166.0 0.0
-18.0928134918 -165.6925354 -204.002655029 2.11754312511 41164.0 41165.0 0.576
-18.0977325439 -165.683486938 -204.05128479 2.11901717952 40143.0 41165.0 0.396
-18.0988807678 -165.682342529 -204.065093994 2.11931903538 40143.0 38199.0 0.28
-18.1099395752 -165.662536621 -204.262115479 2.12935034138 33134.0 40941.0 0.756
-18.1121006012 -165.660903931 -204.281646729 2.13039042559 40941.0 39677.0 0.344
-18.1214694977 -165.64906311 -204.391708374 2.13550965788 34076.0 40472.0 0.888
-18.129611969 -165.632522583 -204.526748657 2.14598545347 40121.0 26778.0 0.452
-18.1329860687 -165.612091064 -204.645568848 2.15767893242 41370.0 31704.0 0.604
-18.1387958527 -165.602203369 -204.708312988 2.16246233103 39955.0 31704.0 0.048
-18.1391220093 -165.601577759 -204.711929321 2.16273653357 41500.0 39955.0 0.984
-18.1456451416 -165.570541382 -204.931304932 2.18177427156 41828.0 41828.0 0.0
-18.1437015533 -165.56149292 -204.990142822 2.18695943431 42365.0 42365.0 0.0
-18.1445503235 -165.557266235 -205.01940918 2.18835841171 41025.0 44160.0 0.736
-18.1457519531 -165.552902222 -205.048309326 2.18978258121 41827.0 41025.0 0.892
-18.1501045227 -165.543609619 -205.129821777 2.19457242228 41788.0 41788.0 0.0
-18.1570739746 -165.530990601 -205.200424194 2.19726626691 43019.0 43019.0 0.0
-18.1602325439 -165.519897461 -205.249237061 2.1958936332 43404.0 43404.0 0.0
-18.1908721924 -165.487945557 -205.477005005 2.19003919734 41103.0 38174.0 0.688
-18.2038288116 -165.467590332 -205.651916504 2.19102718677 36242.0 30377.0 0.876
-18.2147483826 -165.456954956 -205.739608765 2.19247539617 30377.0 42423.0 0.924
-18.2157325745 -165.455596924 -205.748382568 2.19262363961 42667.0 42423.0 0.952
-18.2247600555 -165.435897827 -205.882522583 2.1987421144 42956.0 42667.0 0.604
-18.2319030762 -165.421051025 -206.009033203 2.20358172317 42869.0 42956.0 0.24
-18.2397842407 -165.412963867 -206.072463989 2.20658662177 38178.0 42869.0 0.272
-18.2433795929 -165.411956787 -206.09954834 2.2079692696 39691.0 38178.0 0.984
-18.2561817169 -165.395004272 -206.251815796 2.21556313651 43774.0 43774.0 0.0
-18.2639122009 -165.39440918 -206.304824829 2.21812884747 43365.0 43365.0 0.0
-18.2888298035 -165.390075684 -206.401641846 2.21537287572 42989.0 42989.0 0.0
-18.3040981293 -165.390686035 -206.4559021 2.21326915748 39673.0 39673.0 0.0
-18.334815979 -165.383560181 -206.579849243 2.20934906447 42927.0 43780.0 0.192
-18.3805847168 -165.359848022 -206.802017212 2.21425566754 42876.0 44283.0 0.988
-18.3823871613 -165.359115601 -206.811141968 2.2145573989 44347.0 44262.0 0.996
-18.383102417 -165.358840942 -206.81413269 2.21463594401 44241.0 44262.0 0.904
-18.3896007538 -165.353302002 -206.845703125 2.21544967712 44241.0 43269.0 0.044
-18.427816391 -165.331314087 -207.032073975 2.2262732429 44741.0 44741.0 0.0
-18.4336280823 -165.325119019 -207.066055298 2.22840546408 43731.0 37817.0 0.848
-18.4478988647 -165.313796997 -207.130752563 2.2307512679 43291.0 43731.0 0.928
-18.4625663757 -165.30607605 -207.195648193 2.23482859984 45279.0 45304.0 0.5
-18.4757213593 -165.300003052 -207.253997803 2.23885995159 44731.0 45035.0 0.108
-18.4778747559 -165.299285889 -207.261138916 2.23907859718 43790.0 44532.0 0.22
-18.5065784454 -165.286331177 -207.380722046 2.24240331628 42900.0 44532.0 0.468
-18.5287342072 -165.275283813 -207.475204468 2.245333617 42900.0 45348.0 0.276
-18.5503463745 -165.264205933 -207.547958374 2.24764023504 45638.0 45275.0 0.696
-18.5824279785 -165.244903564 -207.679382324 2.25175795125 46641.0 46641.0 0.0
-18.5824794769 -165.244873047 -207.679550171 2.25175925239 46643.0 46641.0 0.996
-18.5950813293 -165.238342285 -207.720062256 2.25208323642 46643.0 46643.0 0.0
-18.5953063965 -165.238220215 -207.720840454 2.25209899727 44772.0 46643.0 0.992
-18.6231765747 -165.22366333 -207.816772461 2.25405334203 44772.0 44772.0 0.0
-18.6635036469 -165.205200195 -207.928970337 2.25491968616 46886.0 46886.0 0.0
-18.6899833679 -165.192428589 -208.008911133 2.25722350461 47233.0 47233.0 0.0
-18.7137928009 -165.17868042 -208.073059082 2.25832872624 47702.0 47702.0 0.0
-18.7143688202 -165.178222656 -208.074615479 2.25835619445 47701.0 47699.0 0.012
-18.7777099609 -165.132644653 -208.256027222 2.2640424812 47653.0 48102.0 0.056
-18.7829761505 -165.129104614 -208.268432617 2.26428654549 47653.0 48154.0 0.248
-18.8004989624 -165.120040894 -208.307754517 2.26495015901 48154.0 48154.0 0.0
-18.8153553009 -165.113815308 -208.342041016 2.26537784234 48160.0 48160.0 0.0
-18.8319759369 -165.103881836 -208.376495361 2.2641335324 48340.0 48340.0 0.0
-18.8757400513 -165.080429077 -208.467926025 2.26220438016 47909.0 47909.0 0.0
-18.9024124146 -165.064605713 -208.51789856 2.25972369835 45865.0 48337.0 0.672
-18.9055728912 -165.062744141 -208.524002075 2.25942817472 45865.0 48155.0 0.7
-18.9665908813 -165.02230835 -208.649139404 2.25503670949 47060.0 47060.0 0.0
-18.9667491913 -165.022216797 -208.649429321 2.25502192434 45285.0 47060.0 0.98
-18.9744720459 -165.017913818 -208.663497925 2.25429745214 45285.0 45285.0 0.0
-19.0145206451 -164.996520996 -208.738052368 2.25181148397 47861.0 47861.0 0.0
-19.0145454407 -164.996505737 -208.738098145 2.25181035696 49108.0 47861.0 0.992
-19.0175247192 -164.994400024 -208.743774414 2.25167060779 49108.0 49108.0 0.0
-19.037525177 -164.979812622 -208.780090332 2.25037939458 48742.0 48916.0 0.236
-19.0651664734 -164.957870483 -208.832229614 2.24891820813 47639.0 49444.0 0.416
-19.0725040436 -164.951797485 -208.846588135 2.24855334653 49444.0 49448.0 0.684
-19.0820617676 -164.944473267 -208.864074707 2.24775790677 49448.0 49600.0 0.74
-19.090341568 -164.93963623 -208.878829956 2.24691571117 49599.0 49599.0 0.0
-19.1819820404 -164.899353027 -209.043014526 2.24337811922 49601.0 49601.0 0.0
-19.1882228851 -164.895065308 -209.054870605 2.24341934479 49812.0 49602.0 0.932
-19.2022132874 -164.888137817 -209.081115723 2.24309214197 45029.0 45029.0 0.0
-19.2690582275 -164.857162476 -209.194549561 2.23960425074 49987.0 49987.0 0.0
-19.3282032013 -164.822296143 -209.296844482 2.24167050152 48011.0 48011.0 0.0
-19.3293876648 -164.821609497 -209.298721313 2.24164153898 50351.0 47291.0 0.972
-19.3479042053 -164.810256958 -209.329528809 2.24074926606 50351.0 50118.0 0.576
-19.3613300323 -164.802856445 -209.351348877 2.24009633514 48039.0 49991.0 0.736
-19.4409255981 -164.75352478 -209.484786987 2.24021087006 50057.0 50057.0 0.0
-19.4698066711 -164.739578247 -209.52986145 2.2403238741 50725.0 50724.0 0.884
-19.4808254242 -164.731918335 -209.547317505 2.24017346539 50723.0 50723.0 0.0
-19.548822403 -164.688812256 -209.657714844 2.23821390722 50184.0 50184.0 0.0
-19.5989894867 -164.66229248 -209.731033325 2.23668883658 51498.0 51498.0 0.0
-19.6299629211 -164.641723633 -209.774795532 2.23439987163 51496.0 51496.0 0.0
-19.7231521606 -164.597747803 -209.914001465 2.22914824703 51085.0 51085.0 0.0
-19.7509899139 -164.585159302 -209.954589844 2.2279993505 51976.0 50279.0 0.596
-19.7814674377 -164.572311401 -209.997039795 2.22677232735 51975.0 51285.0 0.192
-19.8179359436 -164.554855347 -210.051986694 2.22444286141 51604.0 51604.0 0.0
-19.945482254 -164.506652832 -210.237701416 2.22433336638 51287.0 51287.0 0.0
-19.9644241333 -164.496826172 -210.262893677 2.22441208701 52133.0 52133.0 0.0
-20.0738105774 -164.455154419 -210.419494629 2.22580406559 52433.0 52433.0 0.0
-20.133934021 -164.426330566 -210.498550415 2.22850407219 52026.0 52026.0 0.0
-20.1339893341 -164.426300049 -210.498626709 2.22850867673 50141.0 52026.0 0.996
-20.1477088928 -164.420288086 -210.517364502 2.22965520673 50141.0 50141.0 0.0
-20.187505722 -164.40032959 -210.574279785 2.23261265173 50292.0 50292.0 0.0
-20.2810192108 -164.366317749 -210.700683594 2.24043504351 52758.0 52756.0 0.968
-20.2876281738 -164.36390686 -210.709762573 2.24123225301 53056.0 52756.0 0.692
-20.2965946198 -164.359359741 -210.721786499 2.24232049355 53056.0 53056.0 0.0
-20.3438453674 -164.335632324 -210.779510498 2.24609338774 53062.0 53062.0 0.0
-20.3652534485 -164.322479248 -210.806762695 2.24769696385 53061.0 51790.0 0.392
-20.3824958801 -164.311843872 -210.828903198 2.24911373012 53682.0 51790.0 0.896
-20.4133338928 -164.294631958 -210.863296509 2.24929347481 53623.0 53623.0 0.0
-20.4705142975 -164.267272949 -210.920181274 2.2456267458 53363.0 53363.0 0.0
-20.5439014435 -164.237197876 -210.987640381 2.24052944372 53740.0 53818.0 0.892
-20.6263580322 -164.195739746 -211.06880188 2.23694757994 53799.0 53799.0 0.0
-20.6271591187 -164.195358276 -211.069595337 2.23695147777 53711.0 53799.0 0.98
-20.6663799286 -164.176620483 -211.108840942 2.23714247112 53711.0 53711.0 0.0
-20.7364521027 -164.139526367 -211.180725098 2.2403718793 53734.0 53273.0 0.056
-20.7922744751 -164.119186401 -211.232513428 2.24273912588 54038.0 54038.0 0.0
-20.8779621124 -164.077758789 -211.3152771 2.24536992006 54759.0 54759.0 0.0
-20.9134941101 -164.057403564 -211.346801758 2.24582043318 52985.0 52985.0 0.0
-20.9543933868 -164.033508301 -211.379898071 2.24471222493 54872.0 54872.0 0.0
-21.0255069733 -163.992248535 -211.435577393 2.24292423165 55076.0 54665.0 0.288
-21.0674514771 -163.968185425 -211.469696045 2.24255783573 53504.0 53504.0 0.0
-21.0717372894 -163.965591431 -211.473312378 2.24263068669 54742.0 53504.0 0.924
-21.12383461 -163.93397522 -211.517211914 2.24351640095 54742.0 54742.0 0.0
-21.1551380157 -163.913635254 -211.541564941 2.24349714853 54931.0 49360.0 0.852
-21.1818618774 -163.893341064 -211.56048584 2.24223194665 54896.0 54896.0 0.0
-21.1976776123 -163.882217407 -211.572296143 2.24174155705 55369.0 53689.0 0.008
-21.3021945953 -163.81854248 -211.649703979 2.24399255651 55141.0 55141.0 0.0
-21.3282642365 -163.803924561 -211.670913696 2.24547558928 55680.0 52884.0 0.984
-21.3954792023 -163.761901855 -211.71963501 2.2471755828 55182.0 55508.0 0.776
-21.4794139862 -163.703308105 -211.780944824 2.25024786891 55688.0 53034.0 0.352
-21.4977798462 -163.691116333 -211.793182373 2.25096228281 55690.0 55688.0 0.144
-21.5109939575 -163.682220459 -211.802383423 2.2513767818 54934.0 55690.0 0.528
-21.5256481171 -163.672317505 -211.812835693 2.25184526095 52364.0 54934.0 0.912
-21.5823955536 -163.634597778 -211.855239868 2.25449373528 54864.0 52364.0 0.532
-21.6369991302 -163.601913452 -211.893936157 2.25774791457 55368.0 54864.0 0.344
-21.6686134338 -163.582443237 -211.917541504 2.2595466571 55728.0 55728.0 0.0
-21.7596206665 -163.514312744 -211.981430054 2.2627259973 56077.0 56077.0 0.0
-21.7858982086 -163.493469238 -211.999481201 2.26237378397 56270.0 55480.0 0.496
-21.8730125427 -163.429962158 -212.059417725 2.26353390843 56535.0 56536.0 0.252
-21.8807907104 -163.4246521 -212.064331055 2.26358356312 56535.0 56564.0 0.276
-21.9477005005 -163.377212524 -212.110900879 2.26247338304 56312.0 55936.0 0.304
-21.9790058136 -163.352859497 -212.129898071 2.26146238731 55588.0 56473.0 0.872
-22.0294036865 -163.307846069 -212.161956787 2.25887577392 56806.0 55372.0 0.92
-22.0446090698 -163.294921875 -212.170715332 2.25821997572 55372.0 56960.0 0.18
-22.1168613434 -163.238555908 -212.213684082 2.25551070909 57107.0 56960.0 0.756
-22.1450595856 -163.217849731 -212.228729248 2.25422168834 56954.0 56231.0 0.704
-22.1754322052 -163.194519043 -212.24647522 2.25211451085 57105.0 56957.0 0.896
-22.19165802 -163.182327271 -212.255233765 2.25096648031 56959.0 56957.0 0.756
-22.240650177 -163.14553833 -212.282089233 2.24754731668 56959.0 56848.0 0.144
-22.2901706696 -163.110412598 -212.312866211 2.24443990006 56988.0 55487.0 0.468
-22.3793525696 -163.048736572 -212.36177063 2.23867400309 56970.0 56293.0 0.848
-22.4490642548 -162.99647522 -212.393569946 2.23414396433 56836.0 56836.0 0.0
-22.5172023773 -162.938781738 -212.426834106 2.22943101077 57901.0 57901.0 0.0
-22.5631694794 -162.900619507 -212.448745728 2.22558707462 57909.0 57909.0 0.0
-22.6411132812 -162.850570679 -212.488052368 2.2210574257 57907.0 57780.0 0.492
-22.7275714874 -162.796432495 -212.530487061 2.21756347377 57795.0 57780.0 0.4
-22.7901153564 -162.758773804 -212.558364868 2.21643080982 58190.0 58186.0 0.676
-22.8407306671 -162.724456787 -212.583129883 2.21480771335 58189.0 58187.0 0.092
-22.8428249359 -162.722976685 -212.584182739 2.21473550327 58189.0 58011.0 0.092
-22.9809646606 -162.632461548 -212.647613525 2.21119592213 58424.0 58424.0 0.0
-23.0567741394 -162.586685181 -212.679275513 2.21177505141 58210.0 58210.0 0.0
-23.1022491455 -162.556488037 -212.699829102 2.21160652141 58529.0 58541.0 0.02
-23.1552562714 -162.521850586 -212.721664429 2.21204274468 58525.0 58686.0 0.284
-23.2213821411 -162.48034668 -212.748764038 2.21348809457 57415.0 58695.0 0.284
-23.3098430634 -162.426879883 -212.780532837 2.21671610713 57577.0 58107.0 0.132
-23.3380508423 -162.409179688 -212.791152954 2.21821887442 58166.0 56828.0 0.9
-23.3841075897 -162.381484985 -212.81199646 2.22031195067 58208.0 58208.0 0.0
-23.4302062988 -162.352508545 -212.83026123 2.22167726304 57403.0 57403.0 0.0
-23.5098590851 -162.302017212 -212.858306885 2.22431991451 58223.0 58223.0 0.0
-23.6161670685 -162.235702515 -212.891220093 2.23018090835 59358.0 59358.0 0.0
-23.7105369568 -162.171966553 -212.919418335 2.23492510634 59370.0 59370.0 0.0
-23.7252159119 -162.161224365 -212.922714233 2.23524438236 59715.0 59715.0 0.0
-23.7643508911 -162.135147095 -212.934310913 2.23513313318 59718.0 60016.0 0.056
-23.9320259094 -162.025619507 -212.977645874 2.23921786015 60142.0 58293.0 0.756
-23.9722137451 -161.999511719 -212.985290527 2.24067753767 56519.0 59262.0 0.288
-24.0264835358 -161.963684082 -212.997528076 2.24189151592 59535.0 58552.0 0.36
-24.1102657318 -161.913131714 -213.014511108 2.24545549112 59730.0 59735.0 0.192
-24.1595401764 -161.878417969 -213.026641846 2.24608329125 60171.0 60171.0 0.0
-24.3046150208 -161.777770996 -213.053909302 2.2494299564 59003.0 59003.0 0.0
-24.3215923309 -161.768966675 -213.057128906 2.25034334028 60158.0 60378.0 0.988
-24.421541214 -161.715133667 -213.078948975 2.25582316568 60158.0 60158.0 0.0
-24.5036811829 -161.66897583 -213.094543457 2.26255460966 60550.0 60550.0 0.0
-24.5746955872 -161.625167847 -213.109588623 2.26516282257 60554.0 59139.0 0.008
-24.7160243988 -161.542037964 -213.135162354 2.27502305838 60534.0 60535.0 0.152
-24.7221755981 -161.537994385 -213.136428833 2.27551117343 60007.0 60534.0 0.748
-24.7375812531 -161.528366089 -213.139266968 2.27642518251 60084.0 60187.0 0.432
-24.8121757507 -161.491394043 -213.154388428 2.28357877736 60747.0 60747.0 0.0
-24.8741722107 -161.453643799 -213.165344238 2.28784572833 60150.0 60766.0 0.804
-24.883523941 -161.448318481 -213.167098999 2.28861229801 60766.0 60766.0 0.0
-24.9339561462 -161.421600342 -213.178771973 2.29299032834 60400.0 60400.0 0.0
-25.0494880676 -161.366653442 -213.203109741 2.30572739095 59767.0 59767.0 0.0
-25.0833644867 -161.350128174 -213.209411621 2.31004258182 60159.0 58059.0 0.956
-25.1093654633 -161.336608887 -213.215820312 2.31233212476 61039.0 60159.0 0.236
-25.1267414093 -161.327636719 -213.219802856 2.31373191436 61039.0 59030.0 0.376
-25.259853363 -161.25869751 -213.246063232 2.32597315239 60858.0 60858.0 0.0
-25.378660202 -161.190734863 -213.272354126 2.33332420712 60780.0 61191.0 0.016
-25.3806400299 -161.189544678 -213.272918701 2.33340001181 61011.0 61011.0 0.0
-25.5249710083 -161.108581543 -213.304748535 2.33614726044 61203.0 62069.0 0.124
-25.5535869598 -161.09513855 -213.309951782 2.33605264465 62080.0 61788.0 0.228
-25.638677597 -161.04927063 -213.328109741 2.33422079916 61759.0 62072.0 0.376
-25.7239189148 -161.00730896 -213.344741821 2.33310229438 62143.0 62143.0 0.0
-25.7551898956 -160.992034912 -213.349441528 2.33162630107 62415.0 62415.0 0.0
-25.9125022888 -160.913101196 -213.380432129 2.32552366163 62083.0 62433.0 0.876
-25.9454841614 -160.895858765 -213.388534546 2.32437237642 62090.0 63488.0 0.676
-26.1062259674 -160.789794922 -213.405731201 2.31859240966 62338.0 62338.0 0.0
-26.126581192 -160.776641846 -213.408706665 2.31759439396 63699.0 62854.0 0.936
-26.2918167114 -160.663345337 -213.42539978 2.31299284752 63393.0 63393.0 0.0
-26.48777771 -160.533309937 -213.447021484 2.30962390048 62733.0 62733.0 0.0
-26.4878482819 -160.53326416 -213.447036743 2.30962408405 62664.0 62733.0 0.996
-26.5053710938 -160.520645142 -213.449478149 2.30966979142 62664.0 62664.0 0.0
-26.5583686829 -160.485031128 -213.457061768 2.3091527681 62508.0 62508.0 0.0
-26.6018371582 -160.456680298 -213.461776733 2.30846999323 63130.0 63130.0 0.0
-26.8530654907 -160.283874512 -213.483352661 2.31001519592 63487.0 63487.0 0.0
-26.9156951904 -160.24269104 -213.48928833 2.30951756511 61562.0 64117.0 0.732
-27.024105072 -160.172348022 -213.494995117 2.31058597101 63979.0 64403.0 0.152
-27.0474281311 -160.155700684 -213.495864868 2.31100592589 62965.0 63752.0 0.06
-27.2216720581 -160.042022705 -213.512451172 2.31338773634 61273.0 61273.0 0.0
-27.2545413971 -160.022399902 -213.514251709 2.31355238054 61657.0 63331.0 0.748
-27.3927974701 -159.933990479 -213.526092529 2.31502990918 64775.0 64775.0 0.0
-27.4432430267 -159.902206421 -213.528442383 2.31662966343 61961.0 61961.0 0.0
-27.4560108185 -159.89491272 -213.529388428 2.31614964159 65094.0 63641.0 0.12
-27.6276721954 -159.784759521 -213.538391113 2.31465340675 65470.0 65470.0 0.0
-27.627746582 -159.784713745 -213.538391113 2.31465101069 64740.0 65470.0 0.996
-27.6464653015 -159.774551392 -213.53968811 2.31405439089 64740.0 64740.0 0.0
-27.7514762878 -159.707611084 -213.540008545 2.31231503359 66358.0 66358.0 0.0
-27.8678302765 -159.641311646 -213.546173096 2.30639876077 65577.0 65577.0 0.0
-27.8713092804 -159.639480591 -213.546417236 2.30613404693 65564.0 66564.0 0.996
-28.1020202637 -159.506256104 -213.546951294 2.29254264383 66580.0 66578.0 0.096
-28.1042308807 -159.505004883 -213.547073364 2.29249616866 66580.0 66579.0 0.632
-28.1176681519 -159.498153687 -213.547943115 2.29156829343 67002.0 67002.0 0.0
-28.1748409271 -159.465576172 -213.548538208 2.28704417743 67006.0 67006.0 0.0
-28.3586845398 -159.364227295 -213.550979614 2.27145045815 64599.0 64599.0 0.0
-28.4272918701 -159.329177856 -213.547821045 2.26588224437 66171.0 66171.0 0.0
-28.5265197754 -159.273345947 -213.544830322 2.25852545911 67386.0 67386.0 0.0
-28.7403182983 -159.156509399 -213.545272827 2.24315995609 67709.0 67709.0 0.0
-28.7405090332 -159.156402588 -213.545272827 2.24315841142 67708.0 67709.0 0.996
-28.78789711 -159.128540039 -213.544067383 2.24277378776 67708.0 67708.0 0.0
-28.8271503448 -159.107818604 -213.544052124 2.24125313859 67711.0 67711.0 0.0
-29.0805168152 -158.951797485 -213.542831421 2.23331494715 66616.0 66616.0 0.0
-29.1260795593 -158.926925659 -213.542297363 2.23383320258 67044.0 68022.0 0.008
-29.1845111847 -158.893173218 -213.544845581 2.2326658259 68021.0 68021.0 0.0
-29.2740688324 -158.838104248 -213.545227051 2.23270365496 67653.0 67653.0 0.0
-29.4143009186 -158.752166748 -213.54675293 2.23457724759 65855.0 66524.0 0.9
-29.4244937897 -158.746154785 -213.546783447 2.23474529493 66524.0 66524.0 0.0
-29.5655765533 -158.657226562 -213.553924561 2.23951058513 67366.0 67366.0 0.0
-29.5986042023 -158.634094238 -213.555328369 2.24087638899 67492.0 65970.0 0.832
-29.6603374481 -158.593887329 -213.556915283 2.24293141644 67492.0 67492.0 0.0
-29.660451889 -158.593811035 -213.556915283 2.24293581797 67429.0 67492.0 0.996
-29.6889095306 -158.575576782 -213.558746338 2.2440317994 67429.0 67429.0 0.0
-29.714012146 -158.559753418 -213.560241699 2.24526815282 66050.0 66050.0 0.0
-29.7473831177 -158.538238525 -213.562332153 2.24733265011 67975.0 67821.0 0.728
-29.7739334106 -158.519851685 -213.563720703 2.24914996129 68093.0 67975.0 0.88
-29.8002929688 -158.501907349 -213.56652832 2.25032165423 68093.0 68093.0 0.0
-29.8294563293 -158.481796265 -213.568725586 2.25144438217 67980.0 68123.0 0.484
-29.8457546234 -158.471160889 -213.569717407 2.2518367329 68123.0 68123.0 0.0
-29.8907699585 -158.440872192 -213.572143555 2.25397868602 68653.0 67032.0 0.272
-29.9128513336 -158.424835205 -213.572937012 2.25529913169 67032.0 67032.0 0.0
-29.9483070374 -158.399627686 -213.575820923 2.25705447281 68858.0 68859.0 0.832
-29.9657707214 -158.386428833 -213.577545166 2.25782750293 68858.0 67977.0 0.116
-30.0315132141 -158.338226318 -213.586502075 2.25971687992 68862.0 68862.0 0.0
-30.135307312 -158.263580322 -213.601593018 2.26028275767 67133.0 67133.0 0.0
-30.1381130219 -158.261535645 -213.602172852 2.26025204729 68255.0 68255.0 0.0
-30.2695121765 -158.163848877 -213.625686646 2.26098249466 66694.0 66694.0 0.0
-30.2892780304 -158.149017334 -213.628463745 2.26106558453 69386.0 69389.0 0.956
-30.4211578369 -158.047164917 -213.654434204 2.26063167325 69368.0 69368.0 0.0
-30.471944809 -158.00793457 -213.66468811 2.26036356391 69378.0 67519.0 0.64
-30.4979419708 -157.987884521 -213.670059204 2.26021015411 69492.0 69492.0 0.0
-30.5916671753 -157.910919189 -213.689804077 2.26129329716 69367.0 69367.0 0.0
-30.7260150909 -157.803604126 -213.718399048 2.26094830244 69070.0 69070.0 0.0
-30.7716941833 -157.766830444 -213.728652954 2.26257880311 69365.0 67126.0 0.468
-30.7904567719 -157.752059937 -213.733627319 2.26299473015 67126.0 67227.0 0.068
-30.807636261 -157.738922119 -213.737670898 2.26359602977 67227.0 67227.0 0.0
-30.8327941895 -157.718536377 -213.744506836 2.26374291903 69931.0 69931.0 0.0
-30.9590740204 -157.616577148 -213.776657104 2.26702123321 69929.0 69929.0 0.0
-31.0261440277 -157.563034058 -213.798416138 2.26831249604 68211.0 69930.0 0.504
-31.0744342804 -157.52230835 -213.813476562 2.26995463687 67291.0 68211.0 0.752
-31.1510162354 -157.45916748 -213.83543396 2.27433940887 67291.0 67291.0 0.0
-31.1523857117 -157.457931519 -213.8359375 2.27438552618 70156.0 69504.0 0.992
-31.2497653961 -157.371765137 -213.873123169 2.27784612355 69322.0 69322.0 0.0
-31.2498703003 -157.371673584 -213.873153687 2.27785226311 68590.0 69322.0 0.996
-31.2758617401 -157.350585938 -213.88168335 2.27938101314 68590.0 68590.0 0.0
-31.2766551971 -157.349945068 -213.881988525 2.2794212656 68419.0 68590.0 0.976
-31.3089294434 -157.324005127 -213.89414978 2.28105819904 68419.0 68419.0 0.0
-31.3287258148 -157.306503296 -213.902755737 2.28115870539 70214.0 69660.0 0.308
-31.335603714 -157.300262451 -213.905776978 2.28112501451 70214.0 70214.0 0.0
-31.426612854 -157.214294434 -213.949630737 2.28162898567 68882.0 68882.0 0.0
-31.4524002075 -157.190933228 -213.962677002 2.28206160156 70193.0 70193.0 0.0
-31.6166267395 -157.036209106 -214.048950195 2.28186861687 70447.0 70447.0 0.0
-31.647441864 -157.003723145 -214.068084717 2.28180586983 69732.0 69732.0 0.0
-31.7495269775 -156.892990112 -214.147583008 2.26659949237 68492.0 68775.0 0.132
-31.8377056122 -156.803604126 -214.235366821 2.24815183755 70585.0 68243.0 0.544
-31.8453502655 -156.794570923 -214.243347168 2.24638786056 70585.0 71028.0 0.936
-31.8937835693 -156.742980957 -214.291625977 2.23473209211 70285.0 69772.0 0.86
-31.9844398499 -156.653411865 -214.382736206 2.21549542468 71116.0 71116.0 0.0
-32.1162261963 -156.536392212 -214.495605469 2.20478593525 70382.0 70382.0 0.0
-32.1560707092 -156.496444702 -214.535720825 2.19996970369 69850.0 71027.0 0.128
-32.2151641846 -156.444564819 -214.592300415 2.19359878308 70534.0 71027.0 0.452
-32.3363609314 -156.340713501 -214.719558716 2.18326762848 70113.0 70781.0 0.892
-32.3545837402 -156.326477051 -214.737823486 2.18246581784 69196.0 70626.0 0.932
-32.3667640686 -156.31552124 -214.751358032 2.18129921544 70626.0 67891.0 0.092
-32.5247688293 -156.181060791 -214.939712524 2.17037043287 71650.0 67891.0 0.064
-32.5390510559 -156.169815063 -214.956588745 2.1700040276 71638.0 71638.0 0.0
-32.5392379761 -156.169677734 -214.956817627 2.16999705584 69998.0 71638.0 0.996
-32.5854988098 -156.136505127 -215.01461792 2.16826108799 69998.0 69998.0 0.0
-32.5862350464 -156.135894775 -215.015640259 2.16823239673 71886.0 69998.0 0.992
-32.6773834229 -156.059799194 -215.143310547 2.1646746814 71886.0 71886.0 0.0
-32.7030792236 -156.03755188 -215.179092407 2.16590924686 71875.0 71876.0 0.156
-32.7053565979 -156.035751343 -215.182144165 2.16597476027 71645.0 71876.0 0.084
-32.7462501526 -156.00630188 -215.236373901 2.16571849728 71881.0 71881.0 0.0
-32.8717460632 -155.901000977 -215.426498413 2.16763214593 70341.0 70341.0 0.0
-32.8720855713 -155.900726318 -215.427001953 2.16765868073 72091.0 70955.0 0.996
-32.9193115234 -155.861984253 -215.506256104 2.16647583578 72262.0 72262.0 0.0
-32.9741249084 -155.817855835 -215.593215942 2.16894079423 70251.0 71917.0 0.108
-33.0372543335 -155.759017944 -215.694168091 2.17544161374 72708.0 72708.0 0.0
-33.0374031067 -155.758850098 -215.69442749 2.17545518863 72725.0 72708.0 0.992
-33.0556716919 -155.738983154 -215.726593018 2.17713847497 72725.0 72725.0 0.0
-33.0697059631 -155.725494385 -215.751647949 2.17747525963 72711.0 71198.0 0.648
-33.0920219421 -155.700393677 -215.796829224 2.17628408149 73008.0 73008.0 0.0
-33.1007995605 -155.691268921 -215.815200806 2.17545965751 73009.0 73009.0 0.0
-33.1633415222 -155.618209839 -215.967926025 2.16799331635 73004.0 73004.0 0.0
-33.1879844666 -155.585449219 -216.041412354 2.16565770571 72995.0 72995.0 0.0
-33.1953887939 -155.577148438 -216.063995361 2.16424172085 72211.0 73132.0 0.908
-33.2237281799 -155.541275024 -216.169906616 2.15649084838 73528.0 73528.0 0.0
-33.2275009155 -155.536361694 -216.182907104 2.15583006963 72467.0 73423.0 0.224
-33.2610931396 -155.483215332 -216.329559326 2.14782375437 73419.0 73419.0 0.0
-33.280418396 -155.460510254 -216.389755249 2.14616272468 73734.0 73225.0 0.296
-33.3378295898 -155.3646698 -216.659164429 2.13885843257 72621.0 72887.0 0.884
-33.3438644409 -155.35736084 -216.684921265 2.1383695493 73940.0 73939.0 0.808
-33.3574981689 -155.335372925 -216.756835938 2.13627388944 73941.0 73939.0 0.38
-33.3649101257 -155.323043823 -216.805404663 2.13388880773 73941.0 73941.0 0.0
-33.3901596069 -155.270370483 -216.98034668 2.13420995453 73887.0 73887.0 0.0
-33.3991355896 -155.241867065 -217.181838989 2.12275434361 74476.0 74476.0 0.0
-33.3991622925 -155.241699219 -217.182739258 2.12272728634 73630.0 74476.0 0.976
-33.400302887 -155.234725952 -217.219604492 2.12162695758 73630.0 73630.0 0.0
-33.4001464844 -155.21321106 -217.335708618 2.11919836997 74486.0 74486.0 0.0
-33.4048728943 -155.200134277 -217.409454346 2.11798110683 73686.0 73686.0 0.0
-33.3990058899 -155.166213989 -217.662124634 2.11098864558 75084.0 75084.0 0.0
-33.3952598572 -155.164199829 -217.687713623 2.10957259 72578.0 72578.0 0.0
-33.3850402832 -155.13104248 -217.897964478 2.1056996943 75109.0 75109.0 0.0
-33.3851928711 -155.124984741 -217.927337646 2.10565115576 75105.0 75105.0 0.0
-33.3493423462 -155.084655762 -218.227203369 2.10263676375 75396.0 75396.0 0.0
-33.344783783 -155.069580078 -218.293838501 2.10481585068 75395.0 75618.0 0.772
-33.3439788818 -155.066665649 -218.309844971 2.10507606868 75618.0 75499.0 0.132
-33.3176841736 -155.035461426 -218.521331787 2.10728410132 75056.0 74753.0 0.532
-33.2983970642 -155.015563965 -218.635299683 2.11222280385 74753.0 76132.0 0.9
-33.296913147 -155.011505127 -218.651229858 2.11338597728 76130.0 76132.0 0.98
-33.2924880981 -155.006729126 -218.677185059 2.11515261302 76129.0 76131.0 0.752
-33.2850952148 -155.001373291 -218.717132568 2.11714903537 76401.0 75775.0 0.936
-33.282661438 -154.999923706 -218.732635498 2.11756201721 75775.0 76120.0 0.256
-33.2806091309 -154.987564087 -218.78604126 2.12118868783 76120.0 74881.0 0.068
-33.2403793335 -154.956344604 -219.001785278 2.12768507222 76137.0 75709.0 0.832
-33.2272186279 -154.951217651 -219.085388184 2.12888599264 76567.0 76567.0 0.0
-33.2139625549 -154.94644165 -219.143600464 2.12773022041 75901.0 75901.0 0.0
-33.1886367798 -154.94303894 -219.254699707 2.12510616667 75270.0 75270.0 0.0
-33.1673469543 -154.939819336 -219.363098145 2.12357984208 74631.0 75921.0 0.716
-33.1581611633 -154.937393188 -219.400497437 2.12234386321 74674.0 75921.0 0.344
-33.1517372131 -154.93762207 -219.42175293 2.12098067543 74674.0 76660.0 0.024
-33.1003494263 -154.935592651 -219.636169434 2.11774347905 62356.0 62356.0 0.0
-33.0931091309 -154.934204102 -219.661651611 2.11707277959 63500.0 63500.0 0.0
-33.0173187256 -154.930892944 -219.919952393 2.11869887677 75019.0 76414.0 0.06
-33.0117263794 -154.932693481 -219.930328369 2.11812149342 76662.0 76662.0 0.0
-32.9650993347 -154.928359985 -220.09223938 2.12031878677 75517.0 77233.0 0.528
-32.9444046021 -154.927078247 -220.157608032 2.12061281712 77011.0 76699.0 0.56
-32.927192688 -154.927932739 -220.216644287 2.12144414921 75010.0 76699.0 0.356
-32.8770332336 -154.925048828 -220.359283447 2.1233651178 76663.0 73547.0 0.364
-32.8346099854 -154.924118042 -220.497009277 2.13073526583 76623.0 76623.0 0.0
-32.82447052 -154.922409058 -220.526855469 2.13094346128 76105.0 76105.0 0.0
-32.8237762451 -154.922393799 -220.52885437 2.13101495914 77382.0 76105.0 0.992
-32.737739563 -154.920791626 -220.777359009 2.13988069416 77382.0 77382.0 0.0
-32.7194137573 -154.919158936 -220.8230896 2.14267143319 68558.0 77386.0 0.5
-32.7056503296 -154.919006348 -220.857513428 2.14420713625 75504.0 76664.0 0.5
-32.700378418 -154.919555664 -220.871337891 2.14445295755 76664.0 75240.0 0.392
-32.6469764709 -154.923171997 -220.998260498 2.14699940102 76036.0 76036.0 0.0
-32.6320457458 -154.92326355 -221.027038574 2.14651320119 75275.0 77643.0 0.412
-32.597743988 -154.921691895 -221.093887329 2.14620701134 75773.0 75773.0 0.0
-32.5746994019 -154.921264648 -221.132705688 2.14471004556 76696.0 77029.0 0.876
-32.4541740417 -154.931121826 -221.352676392 2.1410232 77522.0 77522.0 0.0
-32.4541702271 -154.931121826 -221.352676392 2.14102307337 77285.0 77522.0 0.996
-32.4533805847 -154.931091309 -221.354003906 2.14099154246 77285.0 77285.0 0.0
-32.3975143433 -154.933334351 -221.449325562 2.13786122372 77523.0 77827.0 0.04
-32.3102302551 -154.951766968 -221.636169434 2.13263336179 77526.0 77526.0 0.0
-32.2980918884 -154.953598022 -221.679611206 2.1302043776 77517.0 77517.0 0.0
-32.2129402161 -154.98588562 -221.936508179 2.11561887354 77627.0 77627.0 0.0
-32.195980072 -155.000350952 -222.011520386 2.11208765362 77623.0 77626.0 0.048
-32.1950302124 -155.000991821 -222.014541626 2.11193894739 77623.0 77042.0 0.184
-32.1336212158 -155.027191162 -222.206802368 2.10144541337 77615.0 77615.0 0.0
-32.0827178955 -155.054641724 -222.352233887 2.09599488525 77618.0 77617.0 0.608
-32.0613632202 -155.061767578 -222.413833618 2.09388102043 77617.0 77941.0 0.432
-32.0189933777 -155.075149536 -222.511322021 2.09028024602 77940.0 77601.0 0.416
-31.9627933502 -155.102294922 -222.641921997 2.0865344285 77606.0 77607.0 0.476
-31.9234237671 -155.114730835 -222.750137329 2.0820076886 77604.0 77608.0 0.764
-31.8840312958 -155.131271362 -222.860992432 2.07840550598 77604.0 77047.0 0.948
-31.880109787 -155.132110596 -222.872131348 2.0778385165 77030.0 77047.0 0.832
-31.8699150085 -155.135375977 -222.928405762 2.07585813141 77030.0 77291.0 0.012
-31.7803764343 -155.175125122 -223.27015686 2.07677570268 77929.0 77929.0 0.0
-31.7387676239 -155.183029175 -223.422805786 2.08625851471 78166.0 78166.0 0.0
-31.652545929 -155.241836548 -223.798950195 2.12276567537 78163.0 78163.0 0.0
-31.5875835419 -155.261520386 -224.032211304 2.16074663423 78414.0 78415.0 0.24
-31.5544185638 -155.284332275 -224.145599365 2.17614906423 78413.0 78420.0 0.936
-31.5168228149 -155.29699707 -224.265762329 2.19368980894 78375.0 78421.0 0.716
-31.4618988037 -155.322723389 -224.499557495 2.23128475626 78500.0 78375.0 0.58
-31.4567909241 -155.323226929 -224.52355957 2.23502215651 78500.0 78621.0 0.496
-31.4284591675 -155.325012207 -224.689804077 2.26423455363 79141.0 79141.0 0.0
-31.4202213287 -155.330764771 -224.730056763 2.26819157905 78900.0 78266.0 0.02
-31.3976402283 -155.343200684 -224.840133667 2.27908405946 78898.0 78898.0 0.0
-31.3735847473 -155.354125977 -224.960800171 2.29396861611 78665.0 78665.0 0.0
-31.3717536926 -155.35848999 -225.021881104 2.29876264292 73628.0 73628.0 0.0
-31.3545227051 -155.359802246 -225.163650513 2.30994569326 78510.0 78510.0 0.0
-31.3496704102 -155.356140137 -225.281997681 2.31946615544 69801.0 69801.0 0.0
-31.318901062 -155.365615845 -225.450378418 2.32450918393 79511.0 79502.0 0.876
-31.2845687866 -155.36895752 -225.611587524 2.33396818363 79500.0 79503.0 0.136
-31.2764568329 -155.370559692 -225.641265869 2.33599890448 79506.0 79506.0 0.0
-31.2367839813 -155.378341675 -225.809890747 2.34864829734 79568.0 79906.0 0.712
-31.2251377106 -155.387313843 -225.856491089 2.34914674954 80571.0 79495.0 0.96
-31.223733902 -155.388015747 -225.861343384 2.34909495508 79267.0 79495.0 0.96
-31.1965351105 -155.400970459 -225.975021362 2.34680563976 79028.0 79028.0 0.0
-31.035200119 -155.417449951 -226.855545044 2.4593191999 90583.0 90583.0 0.0
-31.0351409912 -155.417480469 -226.85559082 2.45932210703 90589.0 90589.0 0.0
-30.9497146606 -155.427963257 -227.280700684 2.45466081004 89961.0 90386.0 0.696
-30.7793617249 -155.440673828 -228.258071899 2.44193385221 90500.0 89961.0 0.508
-30.7793445587 -155.440673828 -228.258087158 2.44193408886 90681.0 90813.0 0.492
-30.6097354889 -155.453475952 -229.228149414 2.44320214828 90813.0 90420.0 0.72
-30.5492286682 -155.456558228 -229.606277466 2.44365097385 90227.0 90227.0 0.0
-30.3260536194 -155.467926025 -231.001464844 2.45504532233 90194.0 90194.0 0.0
-30.3249492645 -155.467987061 -231.008224487 2.4553986035 89796.0 89625.0 0.004
-30.0557479858 -155.481689453 -232.690933228 2.54355118318 89656.0 89656.0 0.0
-30.0543880463 -155.481765747 -232.699447632 2.5438561746 89192.0 89444.0 0.996
-29.7157402039 -155.49899292 -234.816329956 2.6198001439 89306.0 89306.0 0.0
-29.7142391205 -155.499069214 -234.825714111 2.61987077913 89305.0 88835.0 0.004
-29.3406658173 -155.518066406 -237.160919189 2.63745931235 89240.0 89240.0 0.0
-29.3391456604 -155.518157959 -237.170455933 2.63744827554 88353.0 89239.0 0.996
-28.9603672028 -155.53742981 -239.53817749 2.63470188056 57894.0 57894.0 0.0
-28.9587268829 -155.537521362 -239.548461914 2.63507632952 87736.0 87294.0 0.996
-28.550485611 -155.558303833 -242.100524902 2.72831598793 88543.0 88543.0 0.0
-28.5488510132 -155.558410645 -242.110809326 2.72793162606 87102.0 88542.0 0.996
-28.1414432526 -155.57913208 -244.657516479 2.63222896045 87077.0 87077.0 0.0
-28.1414432526 -155.57913208 -244.657516479 2.63222896025 87110.0 87077.0 0.964
-28.1414432526 -155.579147339 -244.657546997 2.63222895485 87110.0 87110.0 0.0
-27.8446674347 -155.586044312 -246.690170288 2.49720947633 87405.0 87405.0 0.0
-27.8446960449 -155.586029053 -246.690185547 2.49720942761 87404.0 87404.0 0.0
-27.5980587006 -155.592422485 -248.341125488 2.48011879544 86303.0 86303.0 0.0
-27.5980529785 -155.592437744 -248.341186523 2.48011900519 86711.0 86712.0 0.872
-27.3398361206 -155.597305298 -250.083312988 2.52751354841 85972.0 85972.0 0.0
-27.3398723602 -155.597305298 -250.083358765 2.52750851842 86223.0 86223.0 0.0
-27.0196647644 -155.607055664 -252.172439575 2.61295393489 73595.0 73595.0 0.0
-27.0196590424 -155.607070923 -252.172454834 2.61295480595 80346.0 80346.0 0.0
